organization_id,feed_id,version_selector,feed_name,publisher_name,prefecture,bus_agency_count,bus_route_count,status,source_zip,source_zip_sha256,path,agency_count
gan-wu,shiokazeline,current,しおかぜライン,岩宇地域公共交通活性化協議会,北海道,1,1,bus_feed_analyzed,data/raw/gtfs/current/gan-wu__shiokazeline__current.zip,587f419331197e8f24b9779369e5ae2b717ee11337f29fadcefa2a443746312a,,
ishikariwanshinko,on-demandtransit_itsumo,current,石狩市AIデマンド交通「いつモ」,石狩湾新港地域公共交通サービス推進協議会,北海道,1,2,bus_feed_analyzed,data/raw/gtfs/current/ishikariwanshinko__on-demandtransit_itsumo__current.zip,486c4126088830867532f123e51ab8e730e873ddb39febad434e902e6b301356,,
kamishihorotown,kamishihoro,current,上士幌町コミュニティバス,上士幌町,北海道,1,1,bus_feed_analyzed,data/raw/gtfs/current/kamishihorotown__kamishihoro__current.zip,d100e776ea77ccda911001f84fbac024c635276969b32f123767cebe279c7cf7,,
kamishihorotown,kamishihoro-self-bus,current,上士幌町自動運転バス,上士幌町,北海道,1,3,bus_feed_analyzed,data/raw/gtfs/current/kamishihorotown__kamishihoro-self-bus__current.zip,e90dc26575d6f975ba41a7771817823841276d7db77e320ecf1fd7c27b634ba5,,
nemurokotsu,nemurobus,current,根室交通株式会社,根室交通株式会社,北海道,1,12,bus_feed_analyzed,data/raw/gtfs/current/nemurokotsu__nemurobus__current.zip,75eeea4d6ef7097984b4254ebbfc9604cb8db53df9dff54da7ac221eff0d1608,,
fukauratown,fukaura-town-communitybus,current,深浦町コミュニティバス,深浦町,青森県,1,5,bus_feed_analyzed,data/raw/gtfs/current/fukauratown__fukaura-town-communitybus__current.zip,77d749bf1fb9c10824fb4d4e3a6e3d29cf22fd8f4a39a42a21d9fdf4db184a91,,
goshogawaracity,goshogawara-communitybus,current,五所川原市コミュニティバス,五所川原市,青森県,1,6,bus_feed_analyzed,data/raw/gtfs/current/goshogawaracity__goshogawara-communitybus__current.zip,0b7cb4d3c4d74b90e9f380b0c0b0e819e3c5559b844ba7d004401cf519db8503,,
hachinohe,hachinohe-citybus,current,八戸市営バス,八戸市交通部,青森県,1,44,bus_feed_analyzed,data/raw/gtfs/current/hachinohe__hachinohe-citybus__current.zip,c857c94bba94d2c80d0ac28f4bf94eac936a03ef9cd307c54d3e88a9720500ab,,
hachinohecity,hachinohe-nango,current,八戸市南郷コミュニティバス,八戸市,青森県,1,6,bus_feed_analyzed,data/raw/gtfs/current/hachinohecity__hachinohe-nango__current.zip,3ea3c9c4d040707504a77b39f46583ca06f2240b3775c56e5a64ed059b14fcf8,,
hashikamitown,hashikamibus,current,階上町コミュニティバス,階上町,青森県,1,4,bus_feed_analyzed,data/raw/gtfs/current/hashikamitown__hashikamibus__current.zip,7c1ed90e5df930853233748c6c38279bc9672ff4453de4e6df4036053aed31cd,,
hirakawacity,hirakawa-sharedtaxi,,予約型乗り合いタクシー東部・平賀線,,,,,no_bus_route_type,,,data/raw/gtfs/current/hirakawacity__hirakawa-sharedtaxi__current.zip,1
hirakawacity,hirakwacitybus,current,平川市碇ヶ関・平賀線バス,平川市,青森県,1,1,bus_feed_analyzed,data/raw/gtfs/current/hirakawacity__hirakwacitybus__current.zip,bd1f9ff3d2e3830854cff9d25c7d9d2f98a6cb40a53a4846c1bc5e35778b40ba,,
hiranaitown,hiranaitownbus,current,平内町民バス,平内町,青森県,1,7,bus_feed_analyzed,data/raw/gtfs/current/hiranaitown__hiranaitownbus__current.zip,8e63d06330a50faa75eb9d285079643d6db9022c6592f800a76e2e1914686aca,,
hirosakicity,kounan-tetsudou,,弘南鉄道,,,,,no_bus_route_type,,,data/raw/gtfs/current/hirosakicity__kounan-tetsudou__current.zip,1
hirosakicity,hokusei-noriai,current,弘前市乗合タクシー（北星交通）,弘前市,青森県,1,16,bus_feed_analyzed,data/raw/gtfs/current/hirosakicity__hokusei-noriai__current.zip,d41fb15acba6810a858892fc4505858c6968ade8eb4654c65931b936735ea721,,
jr-east-morioka,JReast_wandotaxi,,わんタク定時便,,,,,no_bus_route_type,,,data/raw/gtfs/current/jr-east-morioka__JReast_wandotaxi__current.zip,1
jr-east-morioka,JR-east_tsugaruline,current,JR津軽線代行バス（蟹田駅～三厩体育館）,JR東日本盛岡支社,青森県,1,1,bus_feed_analyzed,data/raw/gtfs/current/jr-east-morioka__JR-east_tsugaruline__current.zip,0e7d25fc6c3d17e581ef8d39e5d276741ac78ce6f54bb2c4ecf80877f5863627,,
kuroishicity,kuroishi,current,ぷらっと号,黒石市,青森県,1,4,bus_feed_analyzed,data/raw/gtfs/current/kuroishicity__kuroishi__current.zip,ec416bf009ce0a54b9d5945a7eab7a18a8af554a1252271ad237bbaa7d6590c7,,
misawacity,misawacity-mebus,current,三沢市コミュニティバス「みーばす」,三沢市,青森県,1,6,bus_feed_analyzed,data/raw/gtfs/current/misawacity__misawacity-mebus__current.zip,fb2ae36410cee581f33e0bb9b2f95a0ddb5f5ad72a0a2dcbbaace6756a6c4d77,,
nakadomaritown,nakadomari-communitybus,current,中泊町コミュニティバス,中泊町,青森県,1,2,bus_feed_analyzed,data/raw/gtfs/current/nakadomaritown__nakadomari-communitybus__current.zip,67a05e657851eb1e075cbbec1705981270ff90e1687a1666e72d48b102d0a232,,
owanitown,owanitown-sunekarabus,current,大鰐町スネカラバス,大鰐町,青森県,1,3,bus_feed_analyzed,data/raw/gtfs/current/owanitown__owanitown-sunekarabus__current.zip,3b8b16ea6016b4e1aed808493700b286f401ccfb2137308f68e28eb048a5f3f4,,
rokkashovillage,rokkasho-sharedtaxi,,六ヶ所村乗合タクシー,,,,,no_bus_route_type,,,data/raw/gtfs/current/rokkashovillage__rokkasho-sharedtaxi__current.zip,1
shichinohetown,shichinohe_community-bus,current,七戸町コミュニティバス・シャトルバス,七戸町,青森県,1,8,bus_feed_analyzed,data/raw/gtfs/current/shichinohetown__shichinohe_community-bus__current.zip,de1fbdda7659669ce1b4255918ed91af5502302a62ff806a6e4ed97ac1a2f2b5,,
shimoko,shimokitakotsu,current,下北交通,下北交通株式会社,青森県,1,14,bus_feed_analyzed,data/raw/gtfs/current/shimoko__shimokitakotsu__current.zip,0955ac4372393892a2f289ec8d90581450af7f0dcd42f99c668e95700d08e210,,
shingovillage,shingo-mizubashogo,current,新郷村営バス,新郷村,青森県,1,3,bus_feed_analyzed,data/raw/gtfs/current/shingovillage__shingo-mizubashogo__current.zip,3f5cac7ced6b0ff3790387e1dbefe4b25002e84c16dc63c654e9e745e2a47d87,,
sotogahamatown,sotogahama-townbus,current,外ヶ浜町営バス,外ヶ浜町,青森県,1,9,bus_feed_analyzed,data/raw/gtfs/current/sotogahamatown__sotogahama-townbus__current.zip,835378e30aa7eea6f2f7312edfe870c5c6fc38e17b0e67b2a84f030077a990b8,,
tohokutown,tohoku-town-bus,current,東北町町民バス,東北町,青森県,1,13,bus_feed_analyzed,data/raw/gtfs/current/tohokutown__tohoku-town-bus__current.zip,f45134d1391f8cdbd480c1f7c4442766fa965ae4dcd688ff8e3c0a0707580a17,,
towadacity,towadacity_communitybus,current,十和田市コミュニティバス,十和田市,青森県,1,4,bus_feed_analyzed,data/raw/gtfs/current/towadacity__towadacity_communitybus__current.zip,7b80ce4cd65d1b5dbb6fa8d766c2af9906aeac0a5e891035a1e12e7fe12efa53,,
towadakankodentetsu,toutetsu,current,十和田観光電鉄（一般路線）,十和田観光電鉄株式会社,青森県,1,20,bus_feed_analyzed,data/raw/gtfs/current/towadakankodentetsu__toutetsu__current.zip,4107b0423928d7ae37a0f8de7248355e0eeeca1bcd40e5f8a9a988b1b3f08079,,
towadakankodentetsu,toutetsu_airport_line,current,十和田観光電鉄（八戸～三沢空港線）,十和田観光電鉄株式会社,青森県,1,1,bus_feed_analyzed,data/raw/gtfs/current/towadakankodentetsu__toutetsu_airport_line__current.zip,b6874809c2547caa21fff47cd8fd530157ede1185dd97a8a108a13350657e922,,
tsugarucity,tsugarucity_localtransportation,current,つがる市地域内交通,つがる市,青森県,1,3,bus_feed_analyzed,data/raw/gtfs/current/tsugarucity__tsugarucity_localtransportation__current.zip,4c140a410f157a24d5f77863a9e3ad14ff5817da96126d898593b298ab826e0c,,
tsurutatown,tsuruta-townbus,current,鶴田町地域巡回バス,鶴田町,青森県,1,3,bus_feed_analyzed,data/raw/gtfs/current/tsurutatown__tsuruta-townbus__current.zip,8572b0c8bf4781afe666d12ef05cb6bbda6936d6c2e6e1a22eb0d2347096a3bf,,
yomogitavillage,yomogita-communitybus,current,蓬田村コミュニティバス,蓬田村,青森県,1,2,bus_feed_analyzed,data/raw/gtfs/current/yomogitavillage__yomogita-communitybus__current.zip,cc98f119879aa61ee1a31a601201a58f8eb17dfe7e7e2944662efe2de55059f4,,
hanamakicity,hanamaki,current,花巻市コミュニティバス,花巻市,岩手県,1,5,bus_feed_analyzed,data/raw/gtfs/current/hanamakicity__hanamaki__current.zip,45519bd07474be15f5bad5e65f1b5c99a86a6878774b245826a0c9222cd7534b,,
ichinosekicity,Ichinosekibus,current,一関市市営バス,一関市,岩手県,1,24,bus_feed_analyzed,data/raw/gtfs/current/ichinosekicity__Ichinosekibus__current.zip,118381847fbd824c35c45a2a07591e73896e08561feabbea664fd8f584351743,,
oshucity,bus-oshucity-iwate-jp,current,奥州市コミュニティバス,奥州市,岩手県,1,12,bus_feed_analyzed,data/raw/gtfs/current/oshucity__bus-oshucity-iwate-jp__current.zip,12a6838731b302a4576baf67643237223b34f1dd93828dedbe47342c83e2b73d,,
shichigahamatown,Gururinko,current,七ヶ浜町民バス「ぐるりんこ」,七ヶ浜町,宮城県,1,8,bus_feed_analyzed,data/raw/gtfs/current/shichigahamatown__Gururinko__current.zip,ec4e5e19dd6187d6835d1385ebcf2a9a0eb20912948985261f99ce8541b6fb4f,,
takeyakoutu,takeyakotsu,current,株式会社タケヤ交通,株式会社タケヤ交通,宮城県,1,4,bus_feed_analyzed,data/raw/gtfs/current/takeyakoutu__takeyakotsu__current.zip,6722ffa452721e206033337bd49b5b5a54332ad73115f141d054771d8abe2c94,,
sembokucity,bus-city-semboku,current,仙北市民バス（たっこちゃんバス・スマイルバス）,仙北市,秋田県,1,4,bus_feed_analyzed,data/raw/gtfs/current/sembokucity__bus-city-semboku__current.zip,4e0aa0c4eccfef9673492a70d4b397bacfdd3a14dd04f5a6ae0828f83a8aca58,,
ugokotsu,ugokotsu_honjo,current,羽後交通（本荘地区）,羽後交通株式会社,秋田県,1,20,bus_feed_analyzed,data/raw/gtfs/current/ugokotsu__ugokotsu_honjo__current.zip,6637b262506f0d020dae925469370e7cbe164fa66677ab763b85b538b9acc585,,
ugokotsu,ugokotsu_tazawako,current,羽後交通（田沢湖地区）,羽後交通株式会社,秋田県,1,7,bus_feed_analyzed,data/raw/gtfs/current/ugokotsu__ugokotsu_tazawako__current.zip,4670c631f8bd05510f2426377a627def4857f39490e8ccfea4fcececae21185a,,
higashinecity,HigashineCity,current,東根市営バス,東根市,山形県,1,8,bus_feed_analyzed,data/raw/gtfs/current/higashinecity__HigashineCity__current.zip,965c91a010b7117dc9d941ce0a9a701640cb780fc4969f6c92140fe5fe833a07,,
kahokutown,KahokuTown,current,河北町営バス,河北町,山形県,1,7,bus_feed_analyzed,data/raw/gtfs/current/kahokutown__KahokuTown__current.zip,f9290f56968e3983d504d48de17644db245ceb291ac774ba93c9a91c0b082e49,,
kaminoyamacity,KaminoyamaCity,current,上山市営バス,上山市,山形県,1,1,bus_feed_analyzed,data/raw/gtfs/current/kaminoyamacity__KaminoyamaCity__current.zip,a69bdd8edb54fcafbac2c24a30e91abadda5ff72e0828914d476ae19deb4d57e,,
mamurogawatown,MamurogawaTown,current,真室川町営バス,真室川町,山形県,1,10,bus_feed_analyzed,data/raw/gtfs/current/mamurogawatown__MamurogawaTown__current.zip,9027a1b107b6570f221c017773a21ea3ec65bbfb8248d8f6273b5a1353b00c2c,,
mogamigawakotsu,MOGAMIGAWAKOTSU,current,最上川交通,最上川交通,山形県,1,2,bus_feed_analyzed,data/raw/gtfs/current/mogamigawakotsu__MOGAMIGAWAKOTSU__current.zip,f6c7fa108470611c677db76e8aabe3b21136f184fe91bcdf905bf9f166fc09c5,,
murayamacity,MurayamaCity,current,村山市営バス,村山市,山形県,1,4,bus_feed_analyzed,data/raw/gtfs/current/murayamacity__MurayamaCity__current.zip,60b3057067f8e8de15aa1b71b35d8cf5060e55f0863535229c811e482cde5156,,
nagaicity,NagaiCity,current,長井市営バス,長井市,山形県,1,9,bus_feed_analyzed,data/raw/gtfs/current/nagaicity__NagaiCity__current.zip,a5c15c8204af3f03ff3f6c80534fcf291b657dda7771fd2640fa9d9012437c77,,
nakayamatown,NakayamaTown,current,中山町営バス,中山町,山形県,1,1,bus_feed_analyzed,data/raw/gtfs/current/nakayamatown__NakayamaTown__current.zip,e6e79dd34f7cb73004168ef8f62121eb3427fff0cf94d4ab43fc1f1f73c08c48,,
nanyocity,NanyoCity,current,南陽市営バス,南陽市,山形県,1,4,bus_feed_analyzed,data/raw/gtfs/current/nanyocity__NanyoCity__current.zip,df1b06a667007399f01220585c895474627584ab409511d149464bc978ef3760,,
nishikawatown,NishikawaTown,current,西川町営バス,西川町,山形県,1,7,bus_feed_analyzed,data/raw/gtfs/current/nishikawatown__NishikawaTown__current.zip,fa589b10cae589b51ea8f3a37580103e90cb58e8bbb4b1473fb03f9d9a5b990c,,
obanazawacity,ObanazawaCity,current,尾花沢市営バス,尾花沢市,山形県,1,7,bus_feed_analyzed,data/raw/gtfs/current/obanazawacity__ObanazawaCity__current.zip,857b64ff4be4554109f260a3f38e0ecbf9b78cc5025b1d04783d101c749c2419,,
oetown,Oetown,current,大江町営バス,大江町,山形県,1,1,bus_feed_analyzed,data/raw/gtfs/current/oetown__Oetown__current.zip,156e6e589776596cc2753b892a20eac64ce1a59d76d89847666e40762c7f0895,,
ohkuravillage,OhkuraVillage,current,大蔵村営バス,大蔵村,山形県,1,5,bus_feed_analyzed,data/raw/gtfs/current/ohkuravillage__OhkuraVillage__current.zip,6970e92a96025893c92cf428e5bba3f65232532d0f50cd8dd99023ff658d7dd8,,
sagaecity,SagaeCity,current,寒河江市営バス,寒河江市,山形県,1,4,bus_feed_analyzed,data/raw/gtfs/current/sagaecity__SagaeCity__current.zip,7b0c787e2661fdea9ec2986a60062e524c80dae622e2f1597044c01a5c849e4c,,
sakatacity,SakataCity,current,酒田市営バス,酒田市,山形県,1,6,bus_feed_analyzed,data/raw/gtfs/current/sakatacity__SakataCity__current.zip,22c2e00e138b3d50792bf8d97b640e18d5ae3ef3e1b724129f3fc435d1725f31,,
sakegawavillage,SakegawaVillage,current,鮭川村営バス,鮭川村,山形県,1,3,bus_feed_analyzed,data/raw/gtfs/current/sakegawavillage__SakegawaVillage__current.zip,08fdaaf065e067644f32503259356adae55a9a6f420032b0cecd39712a62fcc0,,
shinjocity,ShinjoCity,current,新庄市営バス,新庄市,山形県,1,3,bus_feed_analyzed,data/raw/gtfs/current/shinjocity__ShinjoCity__current.zip,be8240765caba0b3f910de04e1a0a5e3bb5ad769b4308eb972d7e44ddece3bb2,,
shiratakatown,ShiratakaTown,current,白鷹町営バス,白鷹町,山形県,1,2,bus_feed_analyzed,data/raw/gtfs/current/shiratakatown__ShiratakaTown__current.zip,15c5768e5e803fd8f9b08c05fa4f87473339b4fb8018e682e02ac71fd4a80d17,,
shonaikotsu,SHONAIKOTSU,current,庄内交通,庄内交通,山形県,1,51,bus_feed_analyzed,data/raw/gtfs/current/shonaikotsu__SHONAIKOTSU__current.zip,a1f7762421d094a43b5aebe97b5958f26ec530b1d92682c43fc111faba9896bc,,
shonaitown,ShonaiTown,current,庄内町営バス,庄内町,山形県,1,8,bus_feed_analyzed,data/raw/gtfs/current/shonaitown__ShonaiTown__current.zip,a6fe236a2a1ea686fd8de196f2043eae0fdaed2ceffcd8f9eb0ea945538ce7b2,,
tendocity,TendoCity,current,天童市営バス,天童市,山形県,1,1,bus_feed_analyzed,data/raw/gtfs/current/tendocity__TendoCity__current.zip,ac17ae3cc1053c299f4dbedd2ab15f93dad2ecda2fb7063ba403d4a281144154,,
tozawavillage,tozawavillagebus,current,戸沢村営バス,戸沢村,山形県,1,2,bus_feed_analyzed,data/raw/gtfs/current/tozawavillage__tozawavillagebus__current.zip,e97a41d296ac5fffb310524456b2d600ae81429f0b0978b754a867cee96b7a47,,
tsuruokacity,TsuruokaCity,current,鶴岡市営バス,鶴岡市,山形県,1,7,bus_feed_analyzed,data/raw/gtfs/current/tsuruokacity__TsuruokaCity__current.zip,ce3b2a6f0084fdf7394db3b0c354a35c6ed48bca72e039c8cae30024f9bccdfc,,
yamagata-asahitown,AsahiTown,current,朝日町営バス,朝日町,山形県,1,3,bus_feed_analyzed,data/raw/gtfs/current/yamagata-asahitown__AsahiTown__current.zip,ad0955fd92b9b45e6096cab053f305b5956224457c598efd08074cb91ec0b4e1,,
yamagata-kaneyamatown,KaneyamaTown,current,金山町営バス,山形県金山町,山形県,1,6,bus_feed_analyzed,data/raw/gtfs/current/yamagata-kaneyamatown__KaneyamaTown__current.zip,7c4a0287c42ff60930f92553430de8ee815db7c97677b2076e401d773993de13,,
yamagata-ogunitown,OguniTown,current,小国町営バス,山形県小国町,山形県,1,5,bus_feed_analyzed,data/raw/gtfs/current/yamagata-ogunitown__OguniTown__current.zip,9e43ce6f5de17cf1ab86f613ee193a5e36409d9d0f8c1f817fdc27639a993d66,,
yamagata-yamagatacity,YamagataCity,current,山形市営バス,山形市,山形県,1,11,bus_feed_analyzed,data/raw/gtfs/current/yamagata-yamagatacity__YamagataCity__current.zip,ec89bb4c6e0b6f94278df01ddb510c736d6bc8af748423e826a6b99363e20b37,,
yamagatatetsudo,flowerliner,,山形鉄道,,,,,no_bus_route_type,,,data/raw/gtfs/current/yamagatatetsudo__flowerliner__current.zip,1
yamakobus,YAMAKOBUS,current,山交バス,山形交通,山形県,1,129,bus_feed_analyzed,data/raw/gtfs/current/yamakobus__YAMAKOBUS__current.zip,7ed0aaee2513d31ae0930668906d4a9d23944e21519bc766ca9c580ada0badb2,,
yamanobetown,YamanobeTown,current,山辺町営バス,山辺町,山形県,1,1,bus_feed_analyzed,data/raw/gtfs/current/yamanobetown__YamanobeTown__current.zip,bd84b3acaabb6c77abc9bdf56a820d9eb48d99dc3daed85e3e45fd43275f8dcc,,
yonezawacity,Yonezawa,current,米沢市営バス,米沢市,山形県,1,5,bus_feed_analyzed,data/raw/gtfs/current/yonezawacity__Yonezawa__current.zip,6e584b975cbda776fa7270da3d5b0cf7e6cfc7111f4cf7c1cca177ba5134837e,,
motomiyacity,motomiyashibus,current,本宮市コミュニティバス,本宮市,福島県,1,5,bus_feed_analyzed,data/raw/gtfs/current/motomiyacity__motomiyashibus__current.zip,eae1c1b0f41eba786fe088556f17464cc458b3a738c3f1dcb4862cc03b0ac863,,
otamavillage,otamavillage-bus,current,大玉村通勤通学バス,大玉村,福島県,1,4,bus_feed_analyzed,data/raw/gtfs/current/otamavillage__otamavillage-bus__current.zip,590af8a95b5ceb8233d1c96fed40e6325076b9d7e070fb4a496390c8de6b2b11,,
shinjobankotsu,SHINJOBANKOTSU,current,新常磐交通,新常磐交通株式会社,福島県,1,65,bus_feed_analyzed,data/raw/gtfs/current/shinjobankotsu__SHINJOBANKOTSU__current.zip,f30e5e21d395f3e2815bac16e7ec034e8832c5398fc3c1e407a73da9622769a9,,
yanaizutown,yanaizutown-bus,current,柳津町町民バス”ふれあい号”,柳津町,福島県,1,2,bus_feed_analyzed,data/raw/gtfs/current/yanaizutown__yanaizutown-bus__current.zip,f87690844597df8437d0ce682e8227729e424ecec41d4035acff94d1c5514271,,
namegatacity,bus-namegata-ibaraki-jp,current,行方市営路線バス,行方市,茨城県,1,3,bus_feed_analyzed,data/raw/gtfs/current/namegatacity__bus-namegata-ibaraki-jp__current.zip,0de9e31bff62285771b3a768a6906fb8276200b35dfb01f0639e7a31f78ac6e2,,
otonekotu,otonekotubus,current,大利根交通バス,大利根交通自動車株式会社,茨城県,1,12,bus_feed_analyzed,data/raw/gtfs/current/otonekotu__otonekotubus__current.zip,80153ae46867d6c0674dd8feb81e77c394628b130cd35528cfe9ea6d145b8ea4,,
ryugasakicity,Ryugasakishi-communitybus,current,龍ケ崎市コミュニティバス,龍ケ崎市,茨城県,1,6,bus_feed_analyzed,data/raw/gtfs/current/ryugasakicity__Ryugasakishi-communitybus__current.zip,1915c873b1622e00d4a6ebc4d1e6fcfb3c55382a3d144edf15ad1345ef3455b9,,
tsuchiuracity,tsuchimarubus,current,つちまるバス,土浦市,茨城県,1,3,bus_feed_analyzed,data/raw/gtfs/current/tsuchiuracity__tsuchimarubus__current.zip,83d1411840a387598940bda85290e16a77ae7e093d69142323cb678688fda1d5,,
tsukubacity,TSUKUBANEGO,current,つくばね号,つくば市,茨城県,1,1,bus_feed_analyzed,data/raw/gtfs/current/tsukubacity__TSUKUBANEGO__current.zip,0624286e512e2b5af17fb674976bc122b99497a59c6ad8583cbc78a934bc0d6c,,
tsukubacity,TSUKUBUS,current,つくバス,つくば市,茨城県,1,11,bus_feed_analyzed,data/raw/gtfs/current/tsukubacity__TSUKUBUS__current.zip,c27e19d61f2c4843717864e8b10bff2f7150aa6cb22bf800a378ddac6f2d237a,,
yukicity,junkaibus,current,結城市巡回バス,結城市,茨城県,1,7,bus_feed_analyzed,data/raw/gtfs/current/yukicity__junkaibus__current.zip,e6e1d1f5c8b921b6faf8545134f485d0452d66c5726d2cb6ca85902cf5eb49d9,,
ashikagacity,Ashikaga-route-bus,current,足利市路線バス,足利市,栃木県,1,17,bus_feed_analyzed,data/raw/gtfs/current/ashikagacity__Ashikaga-route-bus__current.zip,d329d0ba4d94cd11720d1cf00625a5aaa584eb594527696b1a2add1a2cad5660,,
mibutown,mibubu,current,壬生町コミュニティバス「みぶーぶ」,壬生町,栃木県,1,3,bus_feed_analyzed,data/raw/gtfs/current/mibutown__mibubu__current.zip,32143c8c3d420119166d867f88e323ac61ae6bb61b6f82820e3d1a9440ceac6c,,
nasushiobaracity,chiikibasu,current,那須塩原市地域バス,那須塩原市,栃木県,1,26,bus_feed_analyzed,data/raw/gtfs/current/nasushiobaracity__chiikibasu__current.zip,a9b957547546771cca600ce23458081af0ee1af7eaae825b3dada89fe17da690,,
nasutown,nasutown,current,那須町町民バス,那須町,栃木県,1,2,bus_feed_analyzed,data/raw/gtfs/current/nasutown__nasutown__current.zip,e53a1aa65caffe19822c4f1298b333e3b9c7730809e9f7a02717ea40d9e04944,,
nikkocity,nikkocity,current,日光市営バス,日光市,栃木県,1,8,bus_feed_analyzed,data/raw/gtfs/current/nikkocity__nikkocity__current.zip,7e40e39bf707d4df66a3f520ddb259d0f39ec936e631989ce164e04e4a9d5958,,
otawaracity,Ohtawaracitybus,current,大田原市営バス,大田原市,栃木県,1,14,bus_feed_analyzed,data/raw/gtfs/current/otawaracity__Ohtawaracitybus__current.zip,c79370181325650238e57fcd235d9774531859198b17be11d56fa86050ec0ec4,,
yaitacity,chuuou-junkan,current,中央部循環路線,矢板市,栃木県,1,1,bus_feed_analyzed,data/raw/gtfs/current/yaitacity__chuuou-junkan__current.zip,4a13e289ddbcb6156eb1150741381c603c064283bbc23216400fb1e9bbc15a8d,,
annakacity,annakashi-rosenbus,current,安中市路線バス（あんバス）,安中市,群馬県,1,4,bus_feed_analyzed,data/raw/gtfs/current/annakacity__annakashi-rosenbus__current.zip,9977c46c8d03c473f584535df103977f6c2ee25daa6abfe84307a45eb6b171a5,,
gunma-otacity,ootacitybus,current,太田市営バス,太田市,群馬県,1,6,bus_feed_analyzed,data/raw/gtfs/current/gunma-otacity__ootacitybus__current.zip,f81ad7dd299c47fc9dad3b6c97ecf8e5848d19a38b427861e353049c60e58902,,
nagai-unyu,Nagaibus,current,永井バス,永井運輸株式会社,群馬県,1,24,bus_feed_analyzed,data/raw/gtfs/current/nagai-unyu__Nagaibus__current.zip,0a1323615c1b2a2157c1cd9667d8a6eeda480a5d97dca8e509093387f04d4ddc,,
oizumitown,kouikikoukyoubasuaozora,current,広域公共バス「あおぞら」,大泉町,群馬県,1,4,bus_feed_analyzed,data/raw/gtfs/current/oizumitown__kouikikoukyoubasuaozora__current.zip,250a4eaeefe50d3c3c178d145866575f7c4cecb5ed78ccaa59a3c748c987972b,,
hannocity,odekakemuma-minamikoma,current,飯能市乗合ワゴン　南高麗,飯能市,埼玉県,1,3,bus_feed_analyzed,data/raw/gtfs/current/hannocity__odekakemuma-minamikoma__current.zip,9977c312e9fa97b1ff9856fb7f3a4ae28ff2e23897de4858f6a929781268f50c,,
hannocity,odekakemuma-seimei-kaji,current,飯能市乗合ワゴン　精明・加治,飯能市,埼玉県,1,3,bus_feed_analyzed,data/raw/gtfs/current/hannocity__odekakemuma-seimei-kaji__current.zip,fd02c59d911b3d401c059f16d2096f24e81c63ae89ef1596d90e1d3656cfed6d,,
hannocity,odekakemuma-haraichiba,current,飯能市乗合ワゴン　原市場,飯能市,埼玉県,1,2,bus_feed_analyzed,data/raw/gtfs/current/hannocity__odekakemuma-haraichiba__current.zip,f92cf37e1f0a50e5fd5372041e328a3ab383079277526b5325e50fd62d8cec09,,
kumagayacity,yuuyuubus,current,熊谷市ゆうゆうバス,熊谷市,埼玉県,1,11,bus_feed_analyzed,data/raw/gtfs/current/kumagayacity__yuuyuubus__current.zip,f78b05b9b0d1b27585c8a7f12c420b7aa12e9694b08c6a7d806159dc69ca7f88,,
saitamacity,rakurakugou,current,岩槻区並木・加倉地区乗合タクシーらくらく号,さいたま市,埼玉県,1,2,bus_feed_analyzed,data/raw/gtfs/current/saitamacity__rakurakugou__current.zip,faeb9c73e16a5fe63fcdbb4da3414c550539c701e7f16747a1fb6f16feda3a40,,
saitamacity,iwatsukikucommunitybus,current,岩槻区コミュニティバス,さいたま市,埼玉県,1,2,bus_feed_analyzed,data/raw/gtfs/current/saitamacity__iwatsukikucommunitybus__current.zip,5e79bc5d5142557aa5641bd3a9b95f497a03b858dddf433f80c091f3aacd2a8b,,
saitamacity,ajisaigou,current,西区指扇地区乗合タクシーあじさい号,さいたま市,埼玉県,1,1,bus_feed_analyzed,data/raw/gtfs/current/saitamacity__ajisaigou__current.zip,21945306e5a5e5cf03fb7ddab23c77c74f75dc5b47c5c43eaf2040ab4480b09f,,
saitamacity,kawasemigou,current,見沼区片柳西地区乗合タクシーカワセミ号,さいたま市,埼玉県,1,1,bus_feed_analyzed,data/raw/gtfs/current/saitamacity__kawasemigou__current.zip,cd3de6162320575733d3d26d9ad74d7bbe5499831432c303ffd112ee046e5f5c,,
saitamacity,nisikucommunitybus,current,西区コミュニティバス,さいたま市,埼玉県,1,1,bus_feed_analyzed,data/raw/gtfs/current/saitamacity__nisikucommunitybus__current.zip,bd4d4f6b84e8f99cdfa1d8b58f0e52a44b6543a2c86a0308fbf51bbe9d27fdf4,,
saitamacity,miyaharanakayoshigou,current,北区吉野町乗合タクシー宮原なかよし号,さいたま市,埼玉県,1,1,bus_feed_analyzed,data/raw/gtfs/current/saitamacity__miyaharanakayoshigou__current.zip,24f4cceff8e5f2845703acf9c8ae4d429fc9b9a31fa6b1e320e6478993796c6e,,
saitamacity,musashigou,current,桜区大久保・中央区西与野地区乗合タクシーむさし号,さいたま市,埼玉県,1,1,bus_feed_analyzed,data/raw/gtfs/current/saitamacity__musashigou__current.zip,f15eccba5b10490663f2d3cfc43885fae41730fecf41e936e5c6e9a24af84560,,
saitamacity,minamikucommunitybus,current,南区コミュニティバス,さいたま市,埼玉県,1,1,bus_feed_analyzed,data/raw/gtfs/current/saitamacity__minamikucommunitybus__current.zip,012e29eedad573431accc72f896105d6498a193a0d50ba808c926f7fd689f72c,,
saitamacity,orizurugou,current,岩槻区河合地区乗合タクシーおりづる号,さいたま市,埼玉県,1,1,bus_feed_analyzed,data/raw/gtfs/current/saitamacity__orizurugou__current.zip,38e0c3663152ba10c7bd298188ab4fce8e6ded4d200f3dbdf90a837d85fc2815,,
saitamacity,sakurakucommunitybus,current,桜区コミュニティバス,さいたま市,埼玉県,1,1,bus_feed_analyzed,data/raw/gtfs/current/saitamacity__sakurakucommunitybus__current.zip,2ec3ea2c92e4b8b1724eefb4bc9020143dcb6483fed9160a2d5b931eb9a22fba,,
saitamacity,minumakucommunitybus,current,見沼区コミュニティバス,さいたま市,埼玉県,1,2,bus_feed_analyzed,data/raw/gtfs/current/saitamacity__minumakucommunitybus__current.zip,782fba3f4a0cab1f75a432ff04261324e8bafaee7133158b186da6a18741165f,,
saitamacity,minumagou,current,見沼区大砂土東地区乗合タクシーみぬま号,さいたま市,埼玉県,1,1,bus_feed_analyzed,data/raw/gtfs/current/saitamacity__minumagou__current.zip,b2f93279800c125487e28b5485361a17846f190242bb104f9a9733d5e4b8844d,,
saitamacity,rainbowgou,current,岩槻区和土地区乗合タクシーレインボー号,さいたま市,埼玉県,1,1,bus_feed_analyzed,data/raw/gtfs/current/saitamacity__rainbowgou__current.zip,6ceda1fb393e1a385c46d53f53ec7584853b4218d54c959ad9b9f451ed72637f,,
saitamacity,kitakucommunitybus,current,北区コミュニティバス,さいたま市,埼玉県,1,1,bus_feed_analyzed,data/raw/gtfs/current/saitamacity__kitakucommunitybus__current.zip,12a4a38e2ba793cbaf4c05ddaa968ccb1565fafe2cfc080d09cbb965aa024765,,
wakocity,Wako-City-junkanbus,current,和光市内循環バス（わこば）,和光市,埼玉県,1,5,bus_feed_analyzed,data/raw/gtfs/current/wakocity__Wako-City-junkanbus__current.zip,301815e8b19506fa03c9bad211b158aabc76f08043dcee6aaee70cfffc50ab7e,,
inzaicity,rosenbus,current,宗像路線、六合路線,印西市,千葉県,2,3,bus_feed_analyzed,data/raw/gtfs/current/inzaicity__rosenbus__current.zip,9c7939101d6f0821bc7382459a8793d4eba3d303297b2ceee11baf0158afa7b9,,
katoricity,katori-junkan,current,香取市循環バス,香取市,千葉県,1,8,bus_feed_analyzed,data/raw/gtfs/current/katoricity__katori-junkan__current.zip,a50979539cfab686fbc685157335f0ef17f49ea69110aa4d34e32e24233c976c,,
keisei-transitbus,keiseitransitbus,current,京成バス千葉ウエスト　塩浜営業所（市川市コミュニティバス　南部ルート　わくわくバス含む）,京成バス千葉ウエスト株式会社,千葉県,1,16,bus_feed_analyzed,data/raw/gtfs/current/keisei-transitbus__keiseitransitbus__current.zip,0b5466a8a6e8eabdd3121b2d854a1a04108e969f920abedf95d243982e539363,,
kimitsucity,Kimitsu_City_Community_Bus,current,君津市コミュニティバス,君津市,千葉県,1,3,bus_feed_analyzed,data/raw/gtfs/current/kimitsucity__Kimitsu_City_Community_Bus__current.zip,4521cb97cffec998cacc8ca44d41c2966393708a0ade15367bae55711b938388,,
kimitsucity,Local_buses_via_Kimitsu_City,current,君津市経由路線バス,君津市,千葉県,1,15,bus_feed_analyzed,data/raw/gtfs/current/kimitsucity__Local_buses_via_Kimitsu_City__current.zip,f6ec6d734e4128c9a5cec0991dd13b9727dcf1cc1d184b5fd05d907899ce77a5,,
matsudocity,matsudo,current,松戸市ゆめいろバス,松戸市,千葉県,1,2,bus_feed_analyzed,data/raw/gtfs/current/matsudocity__matsudo__current.zip,f9bbf43a890f75aedc1d054294277fca8859e49f0b25fc925fb58711e8f2d87d,,
matsudocity,matsudo-takatsuka,current,松戸市ゆめいろワゴンバス,松戸市,千葉県,1,1,bus_feed_analyzed,data/raw/gtfs/current/matsudocity__matsudo-takatsuka__current.zip,e3777ffb095d3d59368e755cd61a4b291c90e3f7a7c1f8dd9312f17f3d6aa62d,,
nagareyamacity,nagareyamagreenbus,current,流山ぐりーんバス,流山市,千葉県,1,6,bus_feed_analyzed,data/raw/gtfs/current/nagareyamacity__nagareyamagreenbus__current.zip,9e4201b7200240aefcca99c0d1b59328ce378930e0f310979ee6940f6fb7a9d1,,
naritacity,narita-community-bus,current,成田市コミュニティバス,成田市,千葉県,1,7,bus_feed_analyzed,data/raw/gtfs/current/naritacity__narita-community-bus__current.zip,e328a3ab06c574f2cc9a9aad1b99aca75d9ab79eb8dc8c954e645832fe4ab83b,,
yotsukaidocity,yoppii,current,市内循環バス「ヨッピィ」,四街道市,千葉県,1,2,bus_feed_analyzed,data/raw/gtfs/current/yotsukaidocity__yoppii__current.zip,0a25dea3749ad56a8a2b6c02d544dc679c506b116777d6929bad96b9fce8844a,,
akishimacity,Abus,current,Aバス,昭島市,東京都,1,4,bus_feed_analyzed,data/raw/gtfs/current/akishimacity__Abus__current.zip,0f40062d189d543bd50cb157b2941a043d5127475d81e14c2e01c0f931ed8164,,
arakawacity,sakura,current,コミュニティバスさくら,荒川区,東京都,1,4,bus_feed_analyzed,data/raw/gtfs/current/arakawacity__sakura__current.zip,9d4336d0d39341f732ab3a70eb4febc38ca82f1c2a62863bfa57770bef9e08b0,,
katsushikacity,sakura,current,さくら,葛飾区,東京都,1,1,bus_feed_analyzed,data/raw/gtfs/current/katsushikacity__sakura__current.zip,fa07ecd375faf5e424ff67a1a449642c6468d34c1a562bdec0bfb2b27bc4ddc9,,
kozushimavillage,kozushimavillagebus,current,神津島村営バス,神津島村,東京都,1,7,bus_feed_analyzed,data/raw/gtfs/current/kozushimavillage__kozushimavillagebus__current.zip,84a29423238cdc1513a7d20c82520add0fa1047b8f828381bd8d13cb0ee0789a,,
kunitachicity,kunikko,current,国立市コミュニティバス「くにっこ」,国立市,東京都,1,2,bus_feed_analyzed,data/raw/gtfs/current/kunitachicity__kunikko__current.zip,20ab25803af5711ed5b91c064675a00b2a684146802cacb92c6a77d65e985a91,,
kunitachicity,aoyagikko,current,国立市コミュニティワゴン「あおやぎっこ」,国立市,東京都,1,2,bus_feed_analyzed,data/raw/gtfs/current/kunitachicity__aoyagikko__current.zip,5e856c939fa0a61864d0e456d33841177d9494905c17ea38de48abb7031236c1,,
mizuhotown,communitybus,current,瑞穂町コミュニティバス,瑞穂町,東京都,1,5,bus_feed_analyzed,data/raw/gtfs/current/mizuhotown__communitybus__current.zip,72085b3cdb664439d17333f4e65cc7c29f5bdfc251c17578e3ea5a37e23490b1,,
mizuhotown,DemandResponsiveTransport,current,瑞穂町デマンド交通「チョイソコみずほまち」,瑞穂町,東京都,1,1,bus_feed_analyzed,data/raw/gtfs/current/mizuhotown__DemandResponsiveTransport__current.zip,a1e036a08e44bbc5f5bee96284ac8d3121e6df0b5d0510a90dcd870454893dc8,,
ogasawaravillage,o,current,小笠原村営バス,小笠原村,東京都,1,3,bus_feed_analyzed,data/raw/gtfs/current/ogasawaravillage__o__current.zip,e576efcbcdb9688a75b3f6c29d5e6809e07752b90e0355720fea5eaaa8fe5f8c,,
tachikawacity,kururinbus,current,くるりんバス,立川市,東京都,1,5,bus_feed_analyzed,data/raw/gtfs/current/tachikawacity__kururinbus__current.zip,101a2549fd9276be2fbeb9b2123f901e1f7a196392fc9792075ffa7fcde50de5,,
chigasakicity,eboshigou,current,コミュニティバスえぼし号,茅ヶ崎市,神奈川県,1,6,bus_feed_analyzed,data/raw/gtfs/current/chigasakicity__eboshigou__current.zip,a2f742d9d6e509f90ff21dd168d21bcf20c6a94fd08959385a489126ac5ff5d8,,
daishinto,Radiant-City,current,レイディアントシティ横濱,大新東株式会社,神奈川県,1,3,bus_feed_analyzed,data/raw/gtfs/current/daishinto__Radiant-City__current.zip,5f8c645b2b76306c40ccfe7b19d9b273d425298ada7c7699c213dd3ce6ec0ffd,,
ninomiyatown,Ninomiyatowncommunitybus,current,二宮町コミュニティバス,二宮町,神奈川県,1,2,bus_feed_analyzed,data/raw/gtfs/current/ninomiyatown__Ninomiyatowncommunitybus__current.zip,b130016f507e25605233b47d474f00697a3b04fe30c6673276dd8e52525614e6,,
samukawatown,mokusei-go_kuramiomuraroute,current,寒川町コミュニティバス「もくせい号」倉見大村ルート,寒川町,神奈川県,1,1,bus_feed_analyzed,data/raw/gtfs/current/samukawatown__mokusei-go_kuramiomuraroute__current.zip,dd145e50cb7306160600e8931583cb73222dddb5e7a414693c71ee2d7457f083,,
samukawatown,mokusei-go_southroute,current,寒川町コミュニティバス「もくせい号」南ルート,寒川町,神奈川県,1,1,bus_feed_analyzed,data/raw/gtfs/current/samukawatown__mokusei-go_southroute__current.zip,a929ea903ca86db1b2e8c54a5a9493acf94eff044672eff8e59537e7662ee1da,,
samukawatown,mokusei-go_eastroute,current,寒川町コミュニティバス「もくせい号」東ルート,寒川町,神奈川県,1,1,bus_feed_analyzed,data/raw/gtfs/current/samukawatown__mokusei-go_eastroute__current.zip,25e26ae56a466339b4294eb7c54d8f29146e7ee1b9d81617a763b20ddc559ea7,,
yokosukacity,hamachanbus,current,ハマちゃんバス,横須賀市,神奈川県,1,3,bus_feed_analyzed,data/raw/gtfs/current/yokosukacity__hamachanbus__current.zip,697e90b21415c25181cc58b3168c2751cce1eb6245f7800ccdadac3f8e6dee72,,
itoigawabus,itoigawabus,current,糸魚川バス,糸魚川バス株式会社,新潟県,1,16,bus_feed_analyzed,data/raw/gtfs/current/itoigawabus__itoigawabus__current.zip,1c2ddda247c3111c002c0cbaf5cccf2e5d4c794f7a6c796870e525a26dcca347,,
joetsucity,joetsu,current,上越市市営バス,上越市,新潟県,1,7,bus_feed_analyzed,data/raw/gtfs/current/joetsucity__joetsu__current.zip,bf9d668c03cf4f7631817b15695473513b0c2af68b73e75aaa650e2ad40623f7,,
kamocity,kamonbus,current,加茂市営バス かもんバス,加茂市,新潟県,1,6,bus_feed_analyzed,data/raw/gtfs/current/kamocity__kamonbus__current.zip,14b393bf86e25d12be0c53325dd8637cbcd65c674dd7db88ab1af0233ba6f4dd,,
murakamicity,murakamisicommunitybus,current,村上市コミュニティバス,村上市,新潟県,1,14,bus_feed_analyzed,data/raw/gtfs/current/murakamicity__murakamisicommunitybus__current.zip,9226b24ab1bd3aeed1f47c2f270d221bc134e7879b1b715c4452db9500836226,,
tsubamecity,tsubame_bus,current,燕市コミュニティバス,燕市,新潟県,1,3,bus_feed_analyzed,data/raw/gtfs/current/tsubamecity__tsubame_bus__current.zip,7373d4e4b1508b936c52175e4c4ba5134630df1dc73b9a17bdf975d2da10d5c4,,
chitetsu,chitetsushinaidensha,current,富山地方鉄道市内電車,富山地方鉄道,富山県,1,17,bus_feed_analyzed,data/raw/gtfs/current/chitetsu__chitetsushinaidensha__current.zip,f144fe5749ba47078e3f0ee0c8fa53b9dcc1dc3c142676d6c8fd4bd57353669f,,
chitetsu,chitetsubus,current,富山地方鉄道バス,富山地方鉄道,富山県,1,172,bus_feed_analyzed,data/raw/gtfs/current/chitetsu__chitetsubus__current.zip,04541ea9dfae1bd92f372bf52b36e12601f22d24ef48cfc21182158838c97801,,
imizucity,imizushi,current,きときとバス,射水市,富山県,1,43,bus_feed_analyzed,data/raw/gtfs/current/imizucity__imizushi__current.zip,5838a967478fe9a1b0be552cfa16fd23af77b638930866bf271567b628eacd84,,
kaetsunou,kaetsunousekaiisan,current,加越能バス（世界遺産バス）,加越能バス,富山県,1,4,bus_feed_analyzed,data/raw/gtfs/current/kaetsunou__kaetsunousekaiisan__current.zip,8a0ac9ce2c1e365328b561fec78cc237a8727c6c364cb382fa9fc4766d9be83c,,
kaetsunou,kaetsunouhimi,current,加越能バス（氷見市街地周遊バス）,加越能バス,富山県,1,6,bus_feed_analyzed,data/raw/gtfs/current/kaetsunou__kaetsunouhimi__current.zip,ccb2f7e9c854cfddc3296d829faf96fb151b88911a1bf1d48148824b415b2009,,
kaetsunou,kaetsunouippan,current,加越能バス（一般路線）,加越能バス,富山県,1,71,bus_feed_analyzed,data/raw/gtfs/current/kaetsunou__kaetsunouippan__current.zip,a223801530fde151c0dcaed3730e133f82eee5b0290a35f10c22c24dd3689cf9,,
kamiichitown,kamiichi,current,上市町営バス,上市町,富山県,1,11,bus_feed_analyzed,data/raw/gtfs/current/kamiichitown__kamiichi__current.zip,8bea7328a1f014ab85c8bd9a428370ba0310b1a37f44a048a4e0816d9e6c5ff9,,
kurobecity,shinkansenikuji-ishida-aimoto-minibus,current,新幹線生地、石田三日市、愛本、電動ミニバス,黒部市,富山県,1,5,bus_feed_analyzed,data/raw/gtfs/current/kurobecity__shinkansenikuji-ishida-aimoto-minibus__current.zip,4f55eddf3d45cb5d0b1983659d97b7ed97667e4cb9961eab8b58967fc2ee82b1,,
manyosen,manyosen,,万葉線,,,,,no_bus_route_type,,,data/raw/gtfs/current/manyosen__manyosen__current.zip,1
namerikawacity,norumycar,current,コミュニティバス「のるmycar」,滑川市,富山県,1,11,bus_feed_analyzed,data/raw/gtfs/current/namerikawacity__norumycar__current.zip,068d8c888c19160950168c4f6d747d0eca4dc0b8411500ab87932d8152b56177,,
nantocity,nanbus,current,南砺市営バス,南砺市,富山県,1,72,bus_feed_analyzed,data/raw/gtfs/current/nantocity__nanbus__current.zip,74f92dfa92a2261a2b5b18d001698b1244892e916f9112d196d5439d1696e248,,
nyuzentown,noranmaicar,current,のらんマイ・カー,入善町,富山県,1,2,bus_feed_analyzed,data/raw/gtfs/current/nyuzentown__noranmaicar__current.zip,7487c9aaaa6c69a7052d8752b6a6c987c30f3645b309f416d24b55327f9a7db3,,
oyabecity,oyabecitybus,current,小矢部市営バス,小矢部市,富山県,1,22,bus_feed_analyzed,data/raw/gtfs/current/oyabecity__oyabecitybus__current.zip,4d03d25069debed27517705b92d53b3059fd344c3b9ca9a813201c2cc7449f2d,,
takaokacity,koueibus,current,高岡市公営バス,高岡市,富山県,1,5,bus_feed_analyzed,data/raw/gtfs/current/takaokacity__koueibus__current.zip,3ed0ee5bc168d8f3d987214d974758e20395840daea6f35814164802402e7257,,
tateyamatown,tateyama,current,立山町営バス,立山町,富山県,1,26,bus_feed_analyzed,data/raw/gtfs/current/tateyamatown__tateyama__current.zip,218e56e7c2499f614917aa5948367927e264313f56054b30932dff5013f99588,,
tonamicity,tonamishieibasu,current,砺波市営バス,砺波市,富山県,1,5,bus_feed_analyzed,data/raw/gtfs/current/tonamicity__tonamishieibasu__current.zip,4b3078bdb8a77e2ea8452bf4f8c78223000352574a4ed486707fb52668e4b064,,
toyama-asahitown,asahimachibus,current,あさひまちバス,富山県朝日町,富山県,1,9,bus_feed_analyzed,data/raw/gtfs/current/toyama-asahitown__asahimachibus__current.zip,22101b5fbb1abd41dffba4db72ae21fdf6a0a7a6a542c5f3155430b15790a413,,
toyamacity,yamadacommunitybus,current,山田コミュニティバス,富山市,富山県,1,9,bus_feed_analyzed,data/raw/gtfs/current/toyamacity__yamadacommunitybus__current.zip,fe623ed5fa2937d1381ddbfcc86d939908f820f6ba0478aa42cfa861a58ba546,,
toyamacity,fuchucommunitybus,current,婦中コミュニティバス,富山市,富山県,1,8,bus_feed_analyzed,data/raw/gtfs/current/toyamacity__fuchucommunitybus__current.zip,dea887e59742eda60211bd66f8cb372ed751831730e10253b85a658e12c10654,,
toyamacity,oyamacommunitybus,current,大山コミュニティバス,富山市,富山県,1,8,bus_feed_analyzed,data/raw/gtfs/current/toyamacity__oyamacommunitybus__current.zip,cca0661f8f39d867308233d37844a798eecb63a2b7eebadf753bd8db5f01633e,,
toyamacity,maidohayabus,current,まいどはやバス,富山市,富山県,1,2,bus_feed_analyzed,data/raw/gtfs/current/toyamacity__maidohayabus__current.zip,5d273f956ac110249909e9c01dc1cb51ac63e8577f76f64db7fc11e036749b82,,
toyamacity,horikawaminamicommunitybus,current,堀川南地域コミュニティバス,富山市,富山県,1,2,bus_feed_analyzed,data/raw/gtfs/current/toyamacity__horikawaminamicommunitybus__current.zip,f43c00f69f3504bbf64cbf8ee682c1437e6e45e975f4a6deb54d4738b6c45f7d,,
toyamacity,yatsuocommunitybus,current,八尾コミュニティバス,富山市,富山県,1,26,bus_feed_analyzed,data/raw/gtfs/current/toyamacity__yatsuocommunitybus__current.zip,36f420d7ebdd7cb24873170cf4776137a4b2c4a393a147581c19f0a92d90bdc1,,
toyamacity,kurehaikiikibus,current,呉羽いきいきバス,富山市,富山県,1,7,bus_feed_analyzed,data/raw/gtfs/current/toyamacity__kurehaikiikibus__current.zip,3e85dbe28c85fbd6d066e060a435acab7f09dc8c910f528ee42b384da97ff243,,
uozucity,junkai,current,魚津市民バス,魚津市,富山県,1,10,bus_feed_analyzed,data/raw/gtfs/current/uozucity__junkai__current.zip,6c2444a261a8c4f415344ab1c404335d1f2ddac80cd72b68b5cc2664b0a08a0c,,
hakusancity,hakusan_bus_meguru,current,白山市コミュニティバス「めぐーる」,白山市,石川県,1,21,bus_feed_analyzed,data/raw/gtfs/current/hakusancity__hakusan_bus_meguru__current.zip,ea1a0108c4a7f24215aa1b3811a267d85abf9777a356b8c7b3ff857edbcae740,,
komatsucity,kibagatasen,current,木場潟線,小松市,石川県,1,1,bus_feed_analyzed,data/raw/gtfs/current/komatsucity__kibagatasen__current.zip,a2b341b379692b8002eb29168420742a1ee197fb621ebd87ee57dd7e22027851,,
komatsucity,blue,current,市内循環線北コース,小松市,石川県,1,1,bus_feed_analyzed,data/raw/gtfs/current/komatsucity__blue__current.zip,badbd6c4c50dd66f10368e9cedb830b60d8ac2a0e9f8a0dfd0ab71a977bd50a0,,
komatsucity,orange,current,市内循環線南コース,小松市,石川県,1,1,bus_feed_analyzed,data/raw/gtfs/current/komatsucity__orange__current.zip,8ab98cde5a74133cf25a097d02f664d8d3deb5af6f2e5bf19807ab56f6c9dd35,,
nonoichicity,communitybus,current,コミュニティバス,野々市市,石川県,1,5,bus_feed_analyzed,data/raw/gtfs/current/nonoichicity__communitybus__current.zip,4ca295c9d10804f7503dbb42b28070ac707aabe0e7a5639824249dfe0acd0e40,,
uchinadatown,communitybus,current,コミュニティバス,内灘町,石川県,1,6,bus_feed_analyzed,data/raw/gtfs/current/uchinadatown__communitybus__current.zip,ba0350985310823d0821dcccd793b337e3280809bcbfb537d67e176cff49f392,,
ichikawamisatotown,ichikawamisatobus,current,市川三郷町コミュニティバス,市川三郷町,山梨県,1,3,bus_feed_analyzed,data/raw/gtfs/current/ichikawamisatotown__ichikawamisatobus__current.zip,cd5e9ce28567b56312f71d3abb4f705bc6d487ccdbf074f0436bfe4fb972de0b,,
kaicity,kaicitybus,current,甲斐市民バス,甲斐市,山梨県,1,7,bus_feed_analyzed,data/raw/gtfs/current/kaicity__kaicitybus__current.zip,86109cdd3921172f89508eab18752bbc95ad593ab1cf9c5e4cbb24376f72df98,,
kosugevillage,kosugesoneibus,current,小菅村営バス,小菅村,山梨県,1,4,bus_feed_analyzed,data/raw/gtfs/current/kosugevillage__kosugesoneibus__current.zip,3b867c4dc71a2443341420a46f5d976f131e4c5e6d0ab04e2abeea063dc4bb08,,
yamanashi-hokutocity,hokuto-bus,current,北杜市民バス,北杜市,山梨県,1,11,bus_feed_analyzed,data/raw/gtfs/current/yamanashi-hokutocity__hokuto-bus__current.zip,70412fde4330d66e0f65748ae1b83d8153296a89e1c0864870d227e6ebc12892,,
yamanashi-nanbutown,nanbucyoueibasu,current,南部町営バス,南部町,山梨県,1,7,bus_feed_analyzed,data/raw/gtfs/current/yamanashi-nanbutown__nanbucyoueibasu__current.zip,91eb3db841460386b69447d0230b1fcb2da005e94dd7351e369672a18a95fa09,,
agematsutown,agematu,current,上松町公共交通,上松町,長野県,1,3,bus_feed_analyzed,data/raw/gtfs/current/agematsutown__agematu__current.zip,99734b8dba4206c54ae4803c1aa8f85f16093d7029721faa9d97b003a914e73c,,
aokivillage,aokisoneibus,current,青木村営バス,青木村,長野県,1,6,bus_feed_analyzed,data/raw/gtfs/current/aokivillage__aokisoneibus__current.zip,ab91419c85abc5573076d91ce938e20a9255d9d4f642042209c193109c52d79d,,
chikuma-bus,rosenbus,current,路線バス,千曲バス株式会社,長野県,1,11,bus_feed_analyzed,data/raw/gtfs/current/chikuma-bus__rosenbus__current.zip,f535a627a7ec92023b468e69c4e6e4c5193c6533f50957aee299932db541ceff,,
chikumacity,chikumajunkanbus,current,千曲市循環バス,千曲市,長野県,1,9,bus_feed_analyzed,data/raw/gtfs/current/chikumacity__chikumajunkanbus__current.zip,b62f2b581e5c4eaf34f7490384b53bbb8ac7a58ee43126c3f63cb2692ba9ed91,,
iiyamacity,nanohanabus,current,菜の花バス市街地循環線,飯山市,長野県,1,1,bus_feed_analyzed,data/raw/gtfs/current/iiyamacity__nanohanabus__current.zip,1de05bb2f87aebfc5458ef469f1542cadbb11a25842e7412d0c505a2d15bd56f,,
karuizawatown,junkan-bus,current,軽井沢町町内循環バス,軽井沢町,長野県,1,3,bus_feed_analyzed,data/raw/gtfs/current/karuizawatown__junkan-bus__current.zip,b86b6ab058c0acc5286971447a1c3318b375ba32d79f6986ed66e08f7cd6aa2f,,
kisokoikirengo,kiso-bus,current,きそバス,木曽広域連合,長野県,1,7,bus_feed_analyzed,data/raw/gtfs/current/kisokoikirengo__kiso-bus__current.zip,4370bbd9a7c1b9472e018c662bc33eca2821372bf1aa4fe07c5564ab0cb273a2,,
kisotown,kisotown,current,木曽町公共交通,木曽町,長野県,1,2,bus_feed_analyzed,data/raw/gtfs/current/kisotown__kisotown__current.zip,450bb99f1454a96a9249a20034fe93cf14b2024aee7c9183740c26e1b0d912c8,,
kisovillage,kisovill,current,木祖村公共交通,木祖村,長野県,1,1,bus_feed_analyzed,data/raw/gtfs/current/kisovillage__kisovill__current.zip,fa0755987085fff869749186f6a0270f8b1ace6966dee13c4e51108903371dde,,
kusakarukotsu,kusakarubus,current,軽井沢草津長野原草津口バス,草軽交通株式会社,長野県,1,11,bus_feed_analyzed,data/raw/gtfs/current/kusakarukotsu__kusakarubus__current.zip,371e18dedbf98b6aa2f8f41474a97821508232424b533ee11ccae78f2ab4ddb3,,
matsumotocity,guruttomatsumotobus2,current,地域連携バス,松本市,長野県,1,17,bus_feed_analyzed,data/raw/gtfs/current/matsumotocity__guruttomatsumotobus2__current.zip,c62b5a620919cf7c8f09bfa2da24b76c10f4106e184cbd5d641be03e2c241042,,
matsumotocity,guruttomatsumotobus1,current,松本駅・バスターミナル発着バス,松本市,長野県,1,17,bus_feed_analyzed,data/raw/gtfs/current/matsumotocity__guruttomatsumotobus1__current.zip,99f883aa7e1ca31835c10d8f30e493943594954869ded11484813bbed1dfce07,,
minamishinshu,Minamishinshu-Iidacity-1,current, 【飯田市】L1市民バス循環線/C2市民バス久堅線/C3市民バス千代線/C4市民バス三穂線/C5市民バス大休線/E2平岡線,南信州地域交通問題協議会（南信州広域連合）,長野県,1,7,bus_feed_analyzed,data/raw/gtfs/current/minamishinshu__Minamishinshu-Iidacity-1__current.zip,900c02ba0c1f29d946f4bced8c629bc1b52d4779c50837af8fdc4ccdf5ec1f60,,
minamishinshu,Minamishinshu-toyooka-1,current,【豊丘村】T3豊丘村村営バス堀越線/T4豊丘村村営バス佐原線/T5豊丘村村営バス福島線/T6豊丘村村営バス壬生沢福島線/T7豊丘村村営バス壬生沢線/T2豊丘村村営バス滝川阿島北県道線,南信州地域交通問題協議会（南信州広域連合）,長野県,1,6,bus_feed_analyzed,data/raw/gtfs/current/minamishinshu__Minamishinshu-toyooka-1__current.zip,cddbdae6459f066b626a68e2aef489c3b653c5f106f511ec614dd218edb90bee,,
minamishinshu,Minamishinshu-seibu-1,current,【阿智村・根羽村・平谷村】W1　西部コミュニティバス,南信州地域交通問題協議会（南信州広域連合）,長野県,1,1,bus_feed_analyzed,data/raw/gtfs/current/minamishinshu__Minamishinshu-seibu-1__current.zip,b07a3c74842ee96e57ab7436e1a1ee348351fe46a9825a9c4fc0bb5960d36e75,,
minamishinshu,Minamishinshu-iidacity-3,current,【飯田市】飯田☆中津川線,南信州地域交通問題協議会（南信州広域連合）,長野県,1,1,bus_feed_analyzed,data/raw/gtfs/current/minamishinshu__Minamishinshu-iidacity-3__current.zip,125d00e6d32ac65fe88675acc7dd467a8fb719cca630ec7d78cebaf8b5deb22e,,
minamishinshu,Minamishinshu-Ooshika-1,current,【大鹿村】M1　大鹿線,南信州地域交通問題協議会（南信州広域連合）,長野県,1,1,bus_feed_analyzed,data/raw/gtfs/current/minamishinshu__Minamishinshu-Ooshika-1__current.zip,ab4c606347e202ee9ae356b3ae5c3da505f24354928ac248966dbe6fafa8336b,,
minamishinshu,Minamishinshu-achi-1,current,【阿智村】W2巡回バス伍和線/W3巡回バス春日・智里線/W4巡回バス浪合線/W5巡回バス清内路線/W6巡回バス智里東線,南信州地域交通問題協議会（南信州広域連合）,長野県,1,5,bus_feed_analyzed,data/raw/gtfs/current/minamishinshu__Minamishinshu-achi-1__current.zip,5040f76130607d8f2f44b9fd6cf1890e6bbda86fb8396b7cd7f9e7b6883ff7d3,,
minamishinshu,Minamishinshu-Matsukawa-1,current,【松川町】M3まつかわフルーツバス部奈線/M6 まつかわフルーツバス 上片桐・大島通学便/M7 まつかわフルーツバス 生田線,南信州地域交通問題協議会（南信州広域連合）,長野県,1,3,bus_feed_analyzed,data/raw/gtfs/current/minamishinshu__Minamishinshu-Matsukawa-1__current.zip,2257e2f5c9a88f72e6ea319da8af69d86210c9b8a47cd3a5af7d4fd2f0daedfc,,
minamishinshu,Minamishinshu-Nanbu-1,current,S0南部公共バス阿南線/S1南部公共バス温田線,南信州地域交通問題協議会（南信州広域連合）,長野県,1,3,bus_feed_analyzed,data/raw/gtfs/current/minamishinshu__Minamishinshu-Nanbu-1__current.zip,def89d5dac2fa0d6cb71f07256277fdaaed04780e4bc8f2b7135e91c41539fd1,,
minamishinshu,Minamishinshu-takamori-1,current,【高森町】K1 柿丸あったかバス山吹エリア/K2柿丸あったかバス市田エリア/K3おはようバス山吹回り/K4おはようバス市田回り,南信州地域交通問題協議会（南信州広域連合）,長野県,1,4,bus_feed_analyzed,data/raw/gtfs/current/minamishinshu__Minamishinshu-takamori-1__current.zip,e664d4a5e7e83ac60f222d7726c7847d47277e1be360f4baa46a3dcb8053bef1,,
minamishinshu,Minamishinshu-iida-2,current,電気小型バス「プッチー」（飯田市内）,南信州地域交通問題協議会（南信州広域連合）,長野県,1,1,bus_feed_analyzed,data/raw/gtfs/current/minamishinshu__Minamishinshu-iida-2__current.zip,12c59c1ec0d17420422cea39a3a6b6a75e2727b8d3f2fc3d3e1c03b9c9b5ecc8,,
minamishinshu,Minamishinshu-Shinnan-1,current,【信南交通㈱】W0駒場線/E0 阿島線/E1遠山郷線,南信州地域交通問題協議会（南信州広域連合）,長野県,1,8,bus_feed_analyzed,data/raw/gtfs/current/minamishinshu__Minamishinshu-Shinnan-1__current.zip,38243860baebb53b729c616d728d1e7fdeb540eaed92a02bb99588301dadeaff,,
minamishinshu,Minamishinshu-takagi-1,current,【喬木村】E3喬木大島線せせらぎ/E4氏乗線そよかぜ/E5 たかぎコミュニティバス阿島線/E6 たかぎコミュニティバス伊久間線/E7たかぎコミュニティバス厚生病院線/E8上平線/E9富田線,南信州地域交通問題協議会（南信州広域連合）,長野県,1,7,bus_feed_analyzed,data/raw/gtfs/current/minamishinshu__Minamishinshu-takagi-1__current.zip,d25be324c80947aa112af9a1eb00f3ea5acb05ffc16726e758b3173f5908a1c9,,
nagadenbus,nagadenbus-iizuna,current,長電バス飯綱営業所管内,長電バス株式会社,長野県,1,4,bus_feed_analyzed,data/raw/gtfs/current/nagadenbus__nagadenbus-iizuna__current.zip,3d09f263025b6689707f21b924a1535d823a9fb18e121928db6386559a0ee9dd,,
nagadenbus,nagadenbus-exp,current,長電バス急行,長電バス株式会社,長野県,1,6,bus_feed_analyzed,data/raw/gtfs/current/nagadenbus__nagadenbus-exp__current.zip,f52136a751da3be35b64ae282d462b5331d6c18b1afe4a02849733835689dc70,,
nagadenbus,nagadenbus-nakano,current,長電バス中野３路線,長電バス株式会社,長野県,1,2,bus_feed_analyzed,data/raw/gtfs/current/nagadenbus__nagadenbus-nakano__current.zip,63a49f7b1a399f1cf0a80ad8cbe15780fe8127b76d9fddcd400d8ba3f76b9bbf,,
nagadenbus,nagadenbus-nagano,current,長電バス長野営業所管内,長電バス株式会社,長野県,1,13,bus_feed_analyzed,data/raw/gtfs/current/nagadenbus__nagadenbus-nagano__current.zip,0d178e412fe652a507d4745163e88b44b221fe3f20e9d18340d3616306090584,,
nagadenbus,obuse-romango,current,おぶせロマン号,長電バス株式会社,長野県,1,1,bus_feed_analyzed,data/raw/gtfs/current/nagadenbus__obuse-romango__current.zip,473832db72e3eb95bb72f194e7713bf33e81faf81a3af6e81cb03338330edf3f,,
nagano-ikedatown,IkedaTownBus,current,池田町営バス,池田町,長野県,1,5,bus_feed_analyzed,data/raw/gtfs/current/nagano-ikedatown__IkedaTownBus__current.zip,fc84d2f56c221ba4ac000a3763835c6d558e8ff2e3e6debb4f9b856ec80035f5,,
nagano-kawakamivillage,kawakamibus,current,川上村営バス,川上村,長野県,1,1,bus_feed_analyzed,data/raw/gtfs/current/nagano-kawakamivillage__kawakamibus__current.zip,f8348d1e4c0ade3615e51bd9368939735e530f2371b62ddbf9f3deea760ea8a7,,
naganocity,shiei_noriaibus,current,長野市営バス・乗合タクシー,長野市,長野県,1,24,bus_feed_analyzed,data/raw/gtfs/current/naganocity__shiei_noriaibus__current.zip,2ef3073eb1e9a0fe9eff78db8144ce4441131bcb7496eb389810099096f7da38,,
nagisotown,communitybus,current,南木曽町地域バス,南木曽町,長野県,1,3,bus_feed_analyzed,data/raw/gtfs/current/nagisotown__communitybus__current.zip,63277e3e6df742b51184c828e6e0efd0bd172d91ebca2aa91970eea1e0766112,,
okuwavillage,kuwachan-bus,current,くわちゃんバス,大桑村,長野県,1,2,bus_feed_analyzed,data/raw/gtfs/current/okuwavillage__kuwachan-bus__current.zip,0c3e81a9d1c8437ab8dbd5812bc4119473ba2f3489c949e79c3380626e6cb35d,,
omachicity,omachiraicholiner,current,特急バス「雷鳥ライナー」,大町市,長野県,1,1,bus_feed_analyzed,data/raw/gtfs/current/omachicity__omachiraicholiner__current.zip,c7caf8166d91b70582ea037a96e349b21d38f07f8d776bc6befc275092542932,,
omachicity,omachisiminbus,current,大町市民バス,大町市,長野県,1,11,bus_feed_analyzed,data/raw/gtfs/current/omachicity__omachisiminbus__current.zip,e0f81bddf9491f818d358fc631810d1d4c0d08717ad4ca60400ceaca8fce4912,,
otakivillage,otaki-village,current,王滝村,王滝村,長野県,1,1,bus_feed_analyzed,data/raw/gtfs/current/otakivillage__otaki-village__current.zip,8a4d0cc93e13002ca00867ad0c0a44c15ca5371eb4df65c72ab8dbc86f4aaec7,,
shiojiricity,suteppukunn,current,塩尻市地域振興バス「すてっぷくん」,塩尻市,長野県,1,8,bus_feed_analyzed,data/raw/gtfs/current/shiojiricity__suteppukunn__current.zip,9a0eeb6321c7ec9067975c46a0c3c0254f1861a6bbc90425377bab402f4749c6,,
suwacity,karinchanbas,current,かりんちゃんバス,諏訪市,長野県,1,5,bus_feed_analyzed,data/raw/gtfs/current/suwacity__karinchanbas__current.zip,098df2d5291084e78acd2830623571d2db7c93eb688c6185e45879d4681c8f10,,
suzakicity,suzakashiminbus,current,すざか市民バス,須坂市,長野県,1,29,bus_feed_analyzed,data/raw/gtfs/current/suzakicity__suzakashiminbus__current.zip,4c6fb03c8d16dac820de44df7bedd631c5c19a50f59b3cb5a6620085ed22926c,,
toshinkanko-bus,rosenbus,current,路線バス,東信観光バス株式会社,長野県,1,2,bus_feed_analyzed,data/raw/gtfs/current/toshinkanko-bus__rosenbus__current.zip,6458917a7f54b55ab6f80561936066556c4e563153bc22c7de29f14549745ea0,,
uedacity,uedashigaitizyunkanbus,current,上田市街地循環バス・オレンジバス,上田市,長野県,1,8,bus_feed_analyzed,data/raw/gtfs/current/uedacity__uedashigaitizyunkanbus__current.zip,9c63d8bf176a090122ee8d40fd6577c46e7590c3a9799f5c9bb428d8a1646c6b,,
aketetsu,akechirailway,,明知鉄道,,,,,no_bus_route_type,,,data/raw/gtfs/current/aketetsu__akechirailway__current.zip,1
enacity,communitybus,current,恵那市自主運行バス（コミュニティバス）,恵那市,岐阜県,1,23,bus_feed_analyzed,data/raw/gtfs/current/enacity__communitybus__current.zip,f705e2d8983bf83a7f6cb2a37f69c80ed5711d821a965b95407b7bce02e29869,,
gerocity,gerobus,current,下呂市　げろバス,下呂市,岐阜県,1,7,bus_feed_analyzed,data/raw/gtfs/current/gerocity__gerobus__current.zip,8c306cad39da27331a08e68144868777afa5468ff685975eae532b9d48de3797,,
gifu-yamagatacity,communitybus,current,山県市自主運行バス,山県市,岐阜県,1,3,bus_feed_analyzed,data/raw/gtfs/current/gifu-yamagatacity__communitybus__current.zip,0f55602b6ed4f93ba769774c51ca0f661c4abb84551daea252c8c9fb9def04b7,,
gifucity,communitybus,current,岐阜市コミュニティバス,岐阜市,岐阜県,1,20,bus_feed_analyzed,data/raw/gtfs/current/gifucity__communitybus__current.zip,f6a5ff80a38fe6cbd8c35da424719f665d40bde5b50956dd2c2a417b9d710ad9,,
gujocity,citybus,current,郡上市自主運行バス,郡上市,岐阜県,1,18,bus_feed_analyzed,data/raw/gtfs/current/gujocity__citybus__current.zip,35d3530d46661af55e0ab81835bbaddb1fa2ee3097b9c536173695b0c2c83882,,
hachikanbus,hachimanbus,current,八幡バス,八幡観光バス,岐阜県,1,2,bus_feed_analyzed,data/raw/gtfs/current/hachikanbus__hachimanbus__current.zip,67dc5be730d925cc4cd634b6bf9db5a62aa8faf37f68bbb921acdbe05106826b,,
hashimacity,HashimaCityCommunityBus,current,羽島市コミュニティバス,羽島市,岐阜県,1,5,bus_feed_analyzed,data/raw/gtfs/current/hashimacity__HashimaCityCommunityBus__current.zip,d8f4959596ff57c814a31887fa8bf92db8130699dd03853514d15d4e58fe9851,,
hichisotown,choeibus,current,七宗町営バス,七宗町,岐阜県,1,3,bus_feed_analyzed,data/raw/gtfs/current/hichisotown__choeibus__current.zip,2047e7b3c4c7e5072bf06339ce76ae629d40cffaab7a5e250e3b779d8ba8aaea,,
hidacity,communitybus,current,飛騨市営バス「ひだまる」,飛騨市,岐阜県,1,16,bus_feed_analyzed,data/raw/gtfs/current/hidacity__communitybus__current.zip,b3433f4256115f3c529d7d293746ec2dbc26949a3c92ff87fa5dae4b65e45f00,,
ibigawatown,communitybus,current,揖斐川町ふれあいバス,揖斐川町,岐阜県,1,17,bus_feed_analyzed,data/raw/gtfs/current/ibigawatown__communitybus__current.zip,0287792f4d1f75a470314cdb903ad7c8762a5a5dc9a14902cac2ea7623248a80,,
kaizucity,communitybus,current,海津市コミュニティバス,海津市,岐阜県,1,5,bus_feed_analyzed,data/raw/gtfs/current/kaizucity__communitybus__current.zip,d924f688cd9c7a6e53c8d1ebd5acf0af871fe26748b3f409a71789277a48dc3d,,
kanicity,satsukibus,current,さつきバス,可児市,岐阜県,1,9,bus_feed_analyzed,data/raw/gtfs/current/kanicity__satsukibus__current.zip,36d651cb1e905d06f88c0657762895513bc872d4f411895135173be5adbc7b7b,,
kasamatsutown,communitybus,current,笠松町公共施設巡回町民バス,笠松町,岐阜県,1,1,bus_feed_analyzed,data/raw/gtfs/current/kasamatsutown__communitybus__current.zip,e83aa1b9feefb7707d80877c118c28664b2d64759cde7e75f9b7ae74a5879e2c,,
kitaena,kitaena,current,北恵那交通,北恵那交通,岐阜県,1,15,bus_feed_analyzed,data/raw/gtfs/current/kitaena__kitaena__current.zip,e8d73cd9c3ab48866325f1949e887507455e7a97a4498f4c0bfd550651944637,,
minokamocity,communitybus,current,美濃加茂市コミュニティバス「あい愛バス」,美濃加茂市,岐阜県,1,9,bus_feed_analyzed,data/raw/gtfs/current/minokamocity__communitybus__current.zip,64e4034dc955a988387636f91dcb31e9820778e66d2b7c3bc4e56932eb9737af,,
mitaketown,communitybus,current,御嵩町コミュニティバス「ふれあいバス」,御嵩町,岐阜県,1,2,bus_feed_analyzed,data/raw/gtfs/current/mitaketown__communitybus__current.zip,42afa8f791359f388ae77e784169801cf8fd3af41407c9c7a83e75ee30d5012a,,
mizunamicity,communitybus,current,瑞浪市コミュニティバス,瑞浪市,岐阜県,1,9,bus_feed_analyzed,data/raw/gtfs/current/mizunamicity__communitybus__current.zip,1609e8e5ee5b7ed8fade4040a2c94829b3d5429f845d3cebab3e9989b1784250,,
motosucity,shieibus,current,本巣市営バス,本巣市,岐阜県,1,7,bus_feed_analyzed,data/raw/gtfs/current/motosucity__shieibus__current.zip,6136ef40cf03125ada307523e2a86f2262559eb2fbb913a7aac6e50684bac811,,
nakatsugawacity,communitybus,current,中津川市コミュニティバス,中津川市,岐阜県,1,13,bus_feed_analyzed,data/raw/gtfs/current/nakatsugawacity__communitybus__current.zip,fabb73740787cf57f9b79c7cba2d22522c9b20728f7f2accecc48ff043c7dd09,,
nouhibus,nouhibus_kanko,current,濃飛バス（観光路線）,濃飛乗合自動車（濃飛バス）,岐阜県,1,3,bus_feed_analyzed,data/raw/gtfs/current/nouhibus__nouhibus_kanko__current.zip,48dccfc6960de066fefb7fd32143fd8a90d76c7fcfbb76c256e5a1a426483768,,
nouhibus,nouhibus,current,濃飛バス（一般路線）,濃飛乗合自動車（濃飛バス）,岐阜県,1,50,bus_feed_analyzed,data/raw/gtfs/current/nouhibus__nouhibus__current.zip,3f9973804ce98b2447b52db49e1dfb30bc43e9c675d0d9ba68e85033f66f9679,,
nouhibus,takayama_shuyu,current,飛騨高山周遊バス,濃飛乗合自動車（濃飛バス）,岐阜県,1,6,bus_feed_analyzed,data/raw/gtfs/current/nouhibus__takayama_shuyu__current.zip,d058eeeae58b7e89adc5655c960248914ed0f03b95061b55b82b805e9870e96a,,
ogakicity,meihankintetsubus,current,名阪近鉄バス,大垣市,岐阜県,1,31,bus_feed_analyzed,data/raw/gtfs/current/ogakicity__meihankintetsubus__current.zip,a07f52bd054cfe98f246613204e8b7f5c7090f0efd8fd296909a79c0a4c06cf6,,
sekicity,itadorifureaibus,current,板取ふれあいバス,関市,岐阜県,1,1,bus_feed_analyzed,data/raw/gtfs/current/sekicity__itadorifureaibus__current.zip,2999dfaf94dec85d11da1f75ad58e251ec894a668b825f988c30ff171acd171c,,
shirotori-kotsu,shirotorikotsu,current,白鳥交通,白鳥交通,岐阜県,1,3,bus_feed_analyzed,data/raw/gtfs/current/shirotori-kotsu__shirotorikotsu__current.zip,70688c650f014e6a9a3ecaf55e79bfd363f9c6a5aa7cb485e3f2be1525178dce,,
tajimicity,kikyobus,current,ききょうバス,多治見市,岐阜県,1,4,bus_feed_analyzed,data/raw/gtfs/current/tajimicity__kikyobus__current.zip,4e83cff69f9daf7c51f4003f764948a66bf5e6e71394cda738cfbfcbe2bd3afd,,
takayamacity,noramaicar,current,のらマイカー,高山市,岐阜県,1,19,bus_feed_analyzed,data/raw/gtfs/current/takayamacity__noramaicar__current.zip,f825b53104dc206af72c4c2b8c30f97a3078bf692764679828481cf16dcd3b00,,
takayamacity,takanego,current,たかね号,高山市,岐阜県,1,6,bus_feed_analyzed,data/raw/gtfs/current/takayamacity__takanego__current.zip,757e081e97584d9682f42ec9642c3c76a727e3e0ea1f05e6182b5a2c337b3adf,,
tohtetsu,tohtetsu_ena,current,東濃鉄道（東鉄バス）恵那営業所管内,東濃鉄道,岐阜県,1,3,bus_feed_analyzed,data/raw/gtfs/current/tohtetsu__tohtetsu_ena__current.zip,a0c400050de1848913f08248bb3390785c67b6797f05b85013bbedc26778739b,,
tohtetsu,tohtetsu_tajimi,current,東濃鉄道（東鉄バス）多治見営業所管内,東濃鉄道,岐阜県,1,22,bus_feed_analyzed,data/raw/gtfs/current/tohtetsu__tohtetsu_tajimi__current.zip,cacd3e234b00f8895b6f6c746ab9517f76b3957ff9117ea05e79da665330909a,,
tohtetsu,tohtetsu_kani,current,東濃鉄道（東鉄バス）可児営業所管内,東濃鉄道,岐阜県,1,12,bus_feed_analyzed,data/raw/gtfs/current/tohtetsu__tohtetsu_kani__current.zip,6f1fa4d2b9e2b2025e043b1c89ec1f036ed8d2a81f3a1ee3f0a3b76c5b05e7c6,,
tokicity,communitybus,current,土岐市民バス,土岐市,岐阜県,1,8,bus_feed_analyzed,data/raw/gtfs/current/tokicity__communitybus__current.zip,c9a8fa4fa66d9b54eba85e9837cdf6068c34945e4a6beeb892c00e0ffa3af16f,,
yaotsutown,communitybus,current,八百津町コミュニティバス,八百津町,岐阜県,1,6,bus_feed_analyzed,data/raw/gtfs/current/yaotsutown__communitybus__current.zip,701a72fb409658e8e41e82c27054fa70e96b20955ec8ac60d2239568a99a1bd0,,
yaotsutown,yaobus,current,YAOバス,八百津町,岐阜県,1,1,bus_feed_analyzed,data/raw/gtfs/current/yaotsutown__yaobus__current.zip,c42f509a542180123f144f9adb9a37a8a678d5ddf5a74badf7486a444b5c2132,,
fujiedacity,gtfsfjed,current,藤枝市自主運行バス（駅南循環+アクセスバス）,藤枝市,静岡県,1,7,bus_feed_analyzed,data/raw/gtfs/current/fujiedacity__gtfsfjed__current.zip,1a2b9c0d64bcbb11834f345e0835ba44bfa3c3e5282f0a5d1b391f2e32b12129,,
kakegawacity,kakegawa6,current,桜木、居尻、倉真、東山、粟本線、市街地循環線南回り、市街地循環線北回り,掛川市,静岡県,1,37,bus_feed_analyzed,data/raw/gtfs/current/kakegawacity__kakegawa6__current.zip,326bd14b6a2548829de532b3d54fcd7d1ea86bd4325cfa9c42c2f633e6503aca,,
kakegawacity,kakegawaosuka,current,掛川大須賀線,掛川市,静岡県,1,1,bus_feed_analyzed,data/raw/gtfs/current/kakegawacity__kakegawaosuka__current.zip,21eb01d25b53f581f151ffa630b6cdfc632012349c27f3deeab4df101203efd3,,
shimadacity,shimada_combus,current,島田市コミュニティバス,島田市,静岡県,1,13,bus_feed_analyzed,data/raw/gtfs/current/shimadacity__shimada_combus__current.zip,dba55074fa30e52960e0edcd48aafa56cccaf50e2971b64167b9fd48cdbab1f9,,
shizuokacity,ikawa,current,葵区井川地区：井川地区自主運行バス,静岡市,静岡県,1,2,bus_feed_analyzed,data/raw/gtfs/current/shizuokacity__ikawa__current.zip,5a4c9160a6ee6da566ba8184d2800bb041150abb88887ad46fe3b87050a586fb,,
shizuokacity,iryo-fukushi,current,葵区中心市街地：医療・福祉施設路線,静岡市,静岡県,1,2,bus_feed_analyzed,data/raw/gtfs/current/shizuokacity__iryo-fukushi__current.zip,be87a353d2803623075b519907c53433594113da3484a2c0c274d63737d31d02,,
shizuokacity,ryougouchi,current,清水区両河内地区：両河内線但沼系統、大平系統、板井沢系統（ココバス）,静岡市,静岡県,1,3,bus_feed_analyzed,data/raw/gtfs/current/shizuokacity__ryougouchi__current.zip,c81852298e7ff86f1e9ea281e25148997ac1402f5cbb7ac730c83c3ae60c035c,,
shizuokacity,yui,current,清水区由比地区：ゆいばす,静岡市,静岡県,1,7,bus_feed_analyzed,data/raw/gtfs/current/shizuokacity__yui__current.zip,a308ae3be1725e5c5123fef3299c69056ed7812d1a4b8f3deacd974f13283071,,
shizuokacity,yui-kanbara,current,清水区由比・蒲原地区：由比・蒲原病院線,静岡市,静岡県,1,2,bus_feed_analyzed,data/raw/gtfs/current/shizuokacity__yui-kanbara__current.zip,c9d588a371b26813ee31e74eeae9f3763d086ffc21e0609b3777a66359d05cf5,,
aichi-miyoshicity,sansanbus,current,みよし市さんさんバス,みよし市,愛知県,1,3,bus_feed_analyzed,data/raw/gtfs/current/aichi-miyoshicity__sansanbus__current.zip,55584d24d737c1cadb1f1fed6d54bea51869cab5803a4d1bf72382b62073af94,,
amacity,amashijunkaibasu,current,あま市巡回バス,あま市,愛知県,1,3,bus_feed_analyzed,data/raw/gtfs/current/amacity__amashijunkaibasu__current.zip,dc121f9f328ea2a27f20d31c28c341b07f73af6ce5a0c838acaba625cb0e5428,,
anjocity,AnkuruBus,current,あんくるバス,安城市,愛知県,1,11,bus_feed_analyzed,data/raw/gtfs/current/anjocity__AnkuruBus__current.zip,13e78b21c63ff9fc25c4a16f0caea2dd051fc3c0c0f4085591f7699f0b1b3482,,
aoi-komaki,aoikotsu,current,あおい交通,あおい交通,愛知県,1,5,bus_feed_analyzed,data/raw/gtfs/current/aoi-komaki__aoikotsu__current.zip,1534c30bc16a1b3de04cf13d7b96126a801a414e1fe3f53510d937f08f0cba25,,
chiryucity,communitybus,current,知立市「ミニバス」（コミュニティバス）,知立市,愛知県,1,6,bus_feed_analyzed,data/raw/gtfs/current/chiryucity__communitybus__current.zip,a1c360a35e79a2220ea12223cbf2fddc1b2129866c9806b77d1b0f5d5197330b,,
chitabus,chitabus,current,知多バス,知多乗合（知多バス）,愛知県,1,17,bus_feed_analyzed,data/raw/gtfs/current/chitabus__chitabus__current.zip,979cc76a7fc6603d63f8364dc8ad569ba51a44793b61111a9dfee1e07ee8992e,,
chitacity,chita-aiaibus,current,知多市コミュニティバス「あいあいバス」,知多市,愛知県,1,4,bus_feed_analyzed,data/raw/gtfs/current/chitacity__chita-aiaibus__current.zip,9165070ac46a04bd8aadca27ba06001a0b4eacb28634f306ebe7d1d8a10b3e45,,
gamagoricity,communitybus,current,蒲郡市コミュニティバス,蒲郡市,愛知県,1,16,bus_feed_analyzed,data/raw/gtfs/current/gamagoricity__communitybus__current.zip,f3616edf93a8981843e6843bb9a9cb924979218a9c2388968a98e65649a62a28,,
hekinancity,kurukuru-bus,current,くるくるバス,碧南市,愛知県,1,4,bus_feed_analyzed,data/raw/gtfs/current/hekinancity__kurukuru-bus__current.zip,4b44ec52f275a9dbbe753bc1a928b47d11eb633da8b23fe9653f2bee1a57db31,,
higashiuratown,communitybus,current,東浦町運行バス　う・ら・ら,東浦町,愛知県,1,5,bus_feed_analyzed,data/raw/gtfs/current/higashiuratown__communitybus__current.zip,23983c7dfc3a9db7b2fb3e5d717509087132f4ad02892a6acde275076c0798d4,,
kariyacity,communitybus,current,刈谷市コミュニティバス「かりまる」,刈谷市,愛知県,1,15,bus_feed_analyzed,data/raw/gtfs/current/kariyacity__communitybus__current.zip,40596be019fb826bcfd26a8f3c7c1aa6d7d5b2118c1dc4a1c25b6cdb573a4e67,,
kitanagoyacity,communitybus,current,北名古屋市　市内循環バス「きたバス」,北名古屋市,愛知県,1,10,bus_feed_analyzed,data/raw/gtfs/current/kitanagoyacity__communitybus__current.zip,47c397a2cc92dc5af3397d550db792fbadb84af9fc810eaddb2df4b831aa623e,,
kitashitara,odekakehokusetsu,current,おでかけ北設（設楽町・東栄町・豊根村）,北設楽郡公共交通活性化協議会,愛知県,1,10,bus_feed_analyzed,data/raw/gtfs/current/kitashitara__odekakehokusetsu__current.zip,81c582fc0592baa624835c6ae615fc1b55eea459125b496361bb7e3a4c01a9df,,
meikaijo,ship,,高速船,,,,,no_bus_route_type,,,data/raw/gtfs/current/meikaijo__ship__current.zip,1
minamichitatown,communitybus,current,南知多町海っ子バス,南知多町,愛知県,1,2,bus_feed_analyzed,data/raw/gtfs/current/minamichitatown__communitybus__current.zip,63179a7955ac0e40dee66854662180ed4d4dbeca4f1a1966ae89315ed0ab7379,,
nagakutecity,communitybus,current,長久手市N-バス,長久手市,愛知県,1,8,bus_feed_analyzed,data/raw/gtfs/current/nagakutecity__communitybus__current.zip,8d1aa0eeb80d0ec263d9015ae7470fca1f643e0fd47c300cc97c4195c63e833f,,
nishiocity,meitestu_tobu,current,名鉄東部交通バス,西尾市,愛知県,1,5,bus_feed_analyzed,data/raw/gtfs/current/nishiocity__meitestu_tobu__current.zip,884cbd13adee80395e4125bdb8028daf0e66140e96c068a4d30f9dc90bbfc574,,
nishiocity,tosen,,佐久島渡船,,,,,no_bus_route_type,,,data/raw/gtfs/current/nishiocity__tosen__current.zip,1
nishiocity,rokumangokukururinbus,current,六万石くるりんバス,西尾市,愛知県,1,8,bus_feed_analyzed,data/raw/gtfs/current/nishiocity__rokumangokukururinbus__current.zip,213ade228e033cecd0c25c8eef3008b44d164b3c8d7c582135d74578970a329d,,
nisshincity,communitybus,current,くるりんばす（日進市巡回バス）,日進市,愛知県,1,9,bus_feed_analyzed,data/raw/gtfs/current/nisshincity__communitybus__current.zip,98f012cf54dacbded154ae54239c8704e33b31319fcb36b3ec616be8869c19ab,,
oguchitown,communitybus,current,大口町コミュニティバス,大口町,愛知県,1,14,bus_feed_analyzed,data/raw/gtfs/current/oguchitown__communitybus__current.zip,27d474d51e9af6e89d4a7c8533398c7a75189ed0a26d0aaac86d4fc3505ec183,,
owariasahicity,communitybus,current,尾張旭市あさぴー号,尾張旭市,愛知県,1,4,bus_feed_analyzed,data/raw/gtfs/current/owariasahicity__communitybus__current.zip,05c8a694adc6288f63de23c0a8e5d69f4625ca09f56aa2274fbbca2939c338a0,,
setocity,setocitybus,current,瀬戸市コミュニティバス,瀬戸市,愛知県,1,19,bus_feed_analyzed,data/raw/gtfs/current/setocity__setocitybus__current.zip,c5dfa569b15f9d6963b4543303c7f350b5116dd737a0766aa5a2795aeda07eba,,
shinshirocity,sbus,current,新城市Ｓバス,新城市,愛知県,1,10,bus_feed_analyzed,data/raw/gtfs/current/shinshirocity__sbus__current.zip,a06fc2a914154605db24dc1e70a5b6ef3749f33906ae64d47f0250cde11ab176,,
taketoyotown,communitybus,current,武豊町コミュニティバス「ゆめころん」,武豊町,愛知県,1,2,bus_feed_analyzed,data/raw/gtfs/current/taketoyotown__communitybus__current.zip,1030ee56cabaec66e22098cff32503c3bcf28fc65aa28387523f9753c421df55,,
tokaicity,tokai-ranranbus,current,東海市らんらんバス,東海市,愛知県,1,21,bus_feed_analyzed,data/raw/gtfs/current/tokaicity__tokai-ranranbus__current.zip,bdf0e68d929423d824a78730fa1c83367c9937eb87aa60e897db4232427b4827,,
tokonamecity,Gruun,current,コミュニティバスグルーン,常滑市,愛知県,1,6,bus_feed_analyzed,data/raw/gtfs/current/tokonamecity__Gruun__current.zip,b0a8c77bb3008743be95ce0d103cdf1fd6a7d2e4e868cb5b87cb314e7e2368b0,,
toyoakecity,himawaribus,current,豊明市ひまわりバス,豊明市,愛知県,1,13,bus_feed_analyzed,data/raw/gtfs/current/toyoakecity__himawaribus__current.zip,6f93896517fa6a3917bf033e56e57417f427875c556a54d8253060103a33b1ce,,
toyotacity,chiikibus,current,豊田市　地域バス,豊田市,愛知県,1,31,bus_feed_analyzed,data/raw/gtfs/current/toyotacity__chiikibus__current.zip,a24f57976f5b1885bf28d26c0308aee7aa931102a6584279afff803b62dc950e,,
toyotacity,kikanbus,current,とよたおいでんバス,豊田市,愛知県,1,13,bus_feed_analyzed,data/raw/gtfs/current/toyotacity__kikanbus__current.zip,b1006c1aba77923d7bc505de0984cdf5a66d47b007872003d2e2d7f54a463fa4,,
toyoyamatown,communitybus,current,とよやまタウンバス,豊山町,愛知県,1,2,bus_feed_analyzed,data/raw/gtfs/current/toyoyamatown__communitybus__current.zip,9ae0a32a6c1ee286fa8db0233e6555c72747796fe7f80e5eda272cb8b78473ea,,
busnet-tsu,guruttotsubus,current,ぐるっと・つーバス,バスネット津,三重県,1,1,bus_feed_analyzed,data/raw/gtfs/current/busnet-tsu__guruttotsubus__current.zip,fd82378c46cf0ad7b397c2df1ef42ebce43aef9c9323747dfdc1e18d872a2e2c,,
igacity,communitybus,current,伊賀市行政バス・コミュニティバス,伊賀市,三重県,1,17,bus_feed_analyzed,data/raw/gtfs/current/igacity__communitybus__current.zip,a69cb711d35753f303451496ade1cdb0fd8f58af84ad23349cdfab08001ab778,,
inabecity,fukushibus,current,いなべ市福祉バス,いなべ市,三重県,1,13,bus_feed_analyzed,data/raw/gtfs/current/inabecity__fukushibus__current.zip,4a660c5ce32b4db18d3828c0db9c0c4fd9cf12bae74a3a941df58b586a423912,,
isecity,numakibus,current,伊勢市沼木地区自主運行バス「沼木バス」,伊勢市,三重県,1,4,bus_feed_analyzed,data/raw/gtfs/current/isecity__numakibus__current.zip,c4c66fd67a53af162a1bf80a645e4e425d4a80836f9715761000efc35c7c41ac,,
isecity,communitybus,current,伊勢市コミュニティバス「おかげバス」,伊勢市,三重県,1,7,bus_feed_analyzed,data/raw/gtfs/current/isecity__communitybus__current.zip,3f5cc9eadcb9f051457011510d16bd5319c14461483024d6c4a9a70154077afb,,
isetetu,iserailway,,伊勢鉄道,,,,,no_bus_route_type,,,data/raw/gtfs/current/isetetu__iserailway__current.zip,1
kameyamacity,communitybus,current,亀山市コミュニティバス,亀山市,三重県,1,8,bus_feed_analyzed,data/raw/gtfs/current/kameyamacity__communitybus__current.zip,f9827b8180942ad9a6f776f95c4ffa3007fb1e9426072dd9d567873b29de2916,,
kawagoetown,fureaibus,current,川越町ふれあいバス,川越町,三重県,1,3,bus_feed_analyzed,data/raw/gtfs/current/kawagoetown__fureaibus__current.zip,5061e5739cc379a440f67389c371593068ba407217d0a2ad9b1fae65304e5345,,
kihotown,chominbus,current,紀宝町民バス,紀宝町,三重県,1,3,bus_feed_analyzed,data/raw/gtfs/current/kihotown__chominbus__current.zip,2dfd89c46145c0bdb189923464c60ca2a13e2b30e550ce47f270846157c684cf,,
kisosakitown,communitybus,current,木曽岬町自主運行バス,木曽岬町,三重県,1,2,bus_feed_analyzed,data/raw/gtfs/current/kisosakitown__communitybus__current.zip,74d7d7eb5a772a9f4d80fc2b82c4b22232a5c7539d37744a5ff36f591176c703,,
komonotown,communitybus,current,菰野町「かもしか号」,菰野町,三重県,1,6,bus_feed_analyzed,data/raw/gtfs/current/komonotown__communitybus__current.zip,4229badfa52aa27f6d2d6bd8bd204a2f6d9bf9ca0a40a81b53f76dbef432e8d6,,
kumanocity,shuyubus,current,熊野市市街地周遊バス,熊野市,三重県,1,1,bus_feed_analyzed,data/raw/gtfs/current/kumanocity__shuyubus__current.zip,885477a928c03406948e8d726ff85fddfc0f595e9b320f0ae78ce00eb80c6980,,
kumanocity,communitybus,current,熊野市バス、御浜町自主運行バス,熊野市,三重県,1,6,bus_feed_analyzed,data/raw/gtfs/current/kumanocity__communitybus__current.zip,92579275bd318bb932c7f96646d67e85c3cd13b8ccce1c67af907e98b9438e20,,
kuwanacity,communitybus,current,桑名市コミュニティバス「Ｋ－バス」,桑名市,三重県,1,15,bus_feed_analyzed,data/raw/gtfs/current/kuwanacity__communitybus__current.zip,1f5ffa2c34f4b72f984b38ea93e974c7c21da898f15bbbaf3aedf861221747cb,,
matsusakacity,communitybus,current,松阪市コミュニティ交通,松阪市,三重県,1,10,bus_feed_analyzed,data/raw/gtfs/current/matsusakacity__communitybus__current.zip,eec9c1d770a30dffc1fc6a9c3a85143a992adfa95b3de0da628ce828709e9358,,
mie-kotsu,sancoinanki,current,南紀営業所,三重交通,三重県,1,4,bus_feed_analyzed,data/raw/gtfs/current/mie-kotsu__sancoinanki__current.zip,b43eeb99b70b2bdc81ebe32b52a92223c529ff3407be184b35694745e8f94b79,,
mie-kotsu,sancochusei,current,中勢営業所,三重交通,三重県,1,29,bus_feed_analyzed,data/raw/gtfs/current/mie-kotsu__sancochusei__current.zip,d88002586983eaca95d2429447c64da69b42f670c6d39e4b304f32eadbdb9df5,,
mie-kotsu,sancoiga,current,伊賀営業所,三重交通,三重県,1,19,bus_feed_analyzed,data/raw/gtfs/current/mie-kotsu__sancoiga__current.zip,64fd57320aff4c94f3a429c9067753dbf9bb1ae53ecf4387a9eb846ccdc22baa,,
mie-kotsu,sancoshima,current,志摩営業所,三重交通,三重県,1,16,bus_feed_analyzed,data/raw/gtfs/current/mie-kotsu__sancoshima__current.zip,d01f09a44ecc940fa8804ca23c4d2c058bad00746c55e83d484518ea73c19459,,
mie-kotsu,sancomatsusaka,current,松阪営業所,三重交通,三重県,1,11,bus_feed_analyzed,data/raw/gtfs/current/mie-kotsu__sancomatsusaka__current.zip,776fc7d6d50124200e882a3644c7ea9041ba599485df90d614cb65148d9a558b,,
mie-kotsu,sancoyokkaichi,current,四日市営業所,三重交通,三重県,1,17,bus_feed_analyzed,data/raw/gtfs/current/mie-kotsu__sancoyokkaichi__current.zip,ed611464940ceaf2e1d558352026af97249dcb0ae07f918fd8240256dd9e1be6,,
mie-kotsu,sancokuwana,current,桑名営業所,三重交通,三重県,1,14,bus_feed_analyzed,data/raw/gtfs/current/mie-kotsu__sancokuwana__current.zip,f96dfe91fd5e1fe2a708d5dd21d7f25b5015422363df9bc275b1d4e22a593b84,,
mie-kotsu,sancoise,current,伊勢営業所,三重交通,三重県,1,15,bus_feed_analyzed,data/raw/gtfs/current/mie-kotsu__sancoise__current.zip,2ecf98acf7781e186585179ab97290f671cf6130d82027e3cc982ffbc9ea677f,,
mie-meiwatown,chominbus,current,明和町町民バス,明和町,三重県,1,2,bus_feed_analyzed,data/raw/gtfs/current/mie-meiwatown__chominbus__current.zip,3044131c0cc5f90bc96bce7411943952efa715f49a1b4d8a0c850c5decc33fae,,
minamiisetown,choeibus,current,南伊勢町営バス,南伊勢町,三重県,1,10,bus_feed_analyzed,data/raw/gtfs/current/minamiisetown__choeibus__current.zip,cf598c4c2c6f51981aa047931d3c61b10244bce2c901fea5251f9cd13e3509e5,,
nabaricity,communitybus,current,名張市コミュニティバス,名張市,三重県,1,10,bus_feed_analyzed,data/raw/gtfs/current/nabaricity__communitybus__current.zip,0fc3a293a3ed321f1e13be742f15e961cd254014d3c17f7f353c3a2e7e3b354a,,
odaitown,choeibus,current,大台町営バス,大台町,三重県,1,3,bus_feed_analyzed,data/raw/gtfs/current/odaitown__choeibus__current.zip,6d147cf14d60f6d1e5dd2236f50cfaa7daa0905c87942c8269bc29819edf668a,,
owasecity,fureaibus,current,尾鷲市ふれあいバス,尾鷲市,三重県,1,6,bus_feed_analyzed,data/raw/gtfs/current/owasecity__fureaibus__current.zip,8d4d8ebe5138c206d795f39db3569b0b6d046b325c4a0e01c0a660a1bc78ec21,,
seikatsubus-yokkaichi,sbusyokkaichi,current,生活バスよっかいち,生活バス四日市,三重県,1,1,bus_feed_analyzed,data/raw/gtfs/current/seikatsubus-yokkaichi__sbusyokkaichi__current.zip,4a280187d79295427a7eb97477ff6a37e92ee3086129664e2001784ffa2eb26b,,
shimacity,anori,current,安乗線代替バス,志摩市,三重県,1,1,bus_feed_analyzed,data/raw/gtfs/current/shimacity__anori__current.zip,3c5f4e507b1539d95de28aabf818f8f267cf67208a07a2ddf37a7336382121c9,,
shimacity,agowanteikisen,,あご湾定期船,,,,,no_bus_route_type,,,data/raw/gtfs/current/shimacity__agowanteikisen__current.zip,1
suzukacity,communitybus,current,鈴鹿市コミュニティバスC-BUS,鈴鹿市,三重県,1,4,bus_feed_analyzed,data/raw/gtfs/current/suzukacity__communitybus__current.zip,74cf7a75d1309d226d3071719699ee47263906d80ccaebf024904e4e15edb8ae,,
takitown,choeibus,current,多気町営バス,多気町,三重県,1,1,bus_feed_analyzed,data/raw/gtfs/current/takitown__choeibus__current.zip,f6566471214bd07f40e206e4cc04568fede7075725abfda337ce942766efc1c6,,
tobacity,communitybus,current,鳥羽市　かもめバス,鳥羽市,三重県,1,5,bus_feed_analyzed,data/raw/gtfs/current/tobacity__communitybus__current.zip,8786994b6a0c05eb2f8f4d7eabab87123249939a678fd566bd64e0af03c20670,,
tobacity,teikisen,,鳥羽市営定期船,,,,,no_bus_route_type,,,data/raw/gtfs/current/tobacity__teikisen__current.zip,1
tointown,communitybus,current,東員町「オレンジバス」,東員町,三重県,1,4,bus_feed_analyzed,data/raw/gtfs/current/tointown__communitybus__current.zip,90099fc084f53c1903866a75f733177681807460c2f74297db220f892a6779e8,,
tsu-airportline,airportline,,津ベルライン・津エアポートライン,,,,,no_bus_route_type,,,data/raw/gtfs/current/tsu-airportline__airportline__current.zip,1
tsucity,communitybus,current,津市コミュニティバス,津市,三重県,1,19,bus_feed_analyzed,data/raw/gtfs/current/tsucity__communitybus__current.zip,02fdb0d5476340488a168bafac5879b2d666dfd6074f6e3987738f18cb72bc9d,,
wataraitown,choeibus,current,度会町営バス,度会町,三重県,1,3,bus_feed_analyzed,data/raw/gtfs/current/wataraitown__choeibus__current.zip,c466a404dfd4f9e2e76b70e682af6277b7959b61ea50b2376ab90d7af08164af,,
yokkaichicity,communitybus,current,四日市市自主運行バス,四日市市,三重県,1,2,bus_feed_analyzed,data/raw/gtfs/current/yokkaichicity__communitybus__current.zip,1e9de1eb6225716c06cf7413bb5abb2ac076e1b496932a26aa661261d8dece1b,,
higashiomicity,higasiohmisicommunitybus,current,東近江市ちょこっとバス,東近江市,滋賀県,1,12,bus_feed_analyzed,data/raw/gtfs/current/higashiomicity__higasiohmisicommunitybus__current.zip,31fbe8f69adf7ab11770e403f71201bdd4bbecb438d4abe0c59865e601c9a0e8,,
kokacity,sinaicommunitybus,current,甲賀市コミュニティバス,甲賀市,滋賀県,1,15,bus_feed_analyzed,data/raw/gtfs/current/kokacity__sinaicommunitybus__current.zip,33db4bcdad67819498aa551c628ae49ab73367d9264291d5f0de09c437aa0144,,
kusatsucity,kusatsusimamebus,current,草津市コミュニティバス　まめバス,草津市,滋賀県,1,5,bus_feed_analyzed,data/raw/gtfs/current/kusatsucity__kusatsusimamebus__current.zip,57650d2853a2f9cae3f9b6b7de09a29b438547dbbeffdaad2504a694b0689840,,
moriyamacity,kuruttobus,current,草津市、守山市、栗東市　くるっとバス,守山市,滋賀県,1,2,bus_feed_analyzed,data/raw/gtfs/current/moriyamacity__kuruttobus__current.zip,17f220be47bddfb83a5c528f7add84dcb12acb71ef1724fc642d40c100d3b594,,
nagahamacity,nishiazaiodekakewagon,current,長浜市コミュニティバス　西浅井おでかけワゴン　,長浜市,滋賀県,1,3,bus_feed_analyzed,data/raw/gtfs/current/nagahamacity__nishiazaiodekakewagon__current.zip,28c88fa54e38bda2c8c2c3a8de957a22088bb6e021ad037b23a2cc527f9c06f3,,
omihachimancity,akakonbus,current,近江八幡市　あかこんバス　,近江八幡市,滋賀県,1,12,bus_feed_analyzed,data/raw/gtfs/current/omihachimancity__akakonbus__current.zip,8b92013eebe25e8a46c1e95de3bff2b7c2959a7bf1aa2e4df2fcdec268624161,,
shiga-hinotown,choueibus,current,日野町営バス,日野町,滋賀県,1,3,bus_feed_analyzed,data/raw/gtfs/current/shiga-hinotown__choueibus__current.zip,76d3e460a0946336c480f984e052112fd3b56005fa1c257bac131c6381a65af8,,
shiga-konancity,konansimegurukun,current,湖南市コミバスめぐるくん,湖南市,滋賀県,1,13,bus_feed_analyzed,data/raw/gtfs/current/shiga-konancity__konansimegurukun__current.zip,97513edef8729b94d1d94843505e87ae677aea91d36e321fef299635ee069080,,
takashimacity,takasimasicommunitybus,current,高島市コミュニティバス,高島市,滋賀県,1,18,bus_feed_analyzed,data/raw/gtfs/current/takashimacity__takasimasicommunitybus__current.zip,b2486e88f2458e888810f19ebfa52e708259254c19dff7cf0798fb3f2355e54b,,
yasucity,onoriyasu,current,野洲市コミバスおのりやす,野洲市,滋賀県,1,12,bus_feed_analyzed,data/raw/gtfs/current/yasucity__onoriyasu__current.zip,bd3bb67d370ea70ecfcadf0f3c475ce0eeebe2cfaac67146c4d5baa041935578,,
shinkikanko,limonbus,current,Limon Bus,神姫観光,大阪府,1,4,bus_feed_analyzed,data/raw/gtfs/current/shinkikanko__limonbus__current.zip,d99a283ad71fac5a4520e7f0ef3e7291766e1e8ed4b39343d6b349dd4f1a0249,,
akashicity,tacobustacobusmini,current,たこバス/たこバスミニ,明石市,兵庫県,1,15,bus_feed_analyzed,data/raw/gtfs/current/akashicity__tacobustacobusmini__current.zip,6d1e609a802e8a23958c1954f9c3f492779184136b1c3e6f29fc3e1015b1fecf,,
akocity,teijuurou,current,ていじゅうろう,赤穂市,兵庫県,1,2,bus_feed_analyzed,data/raw/gtfs/current/akocity__teijuurou__current.zip,b6eac36b62885de54724887047ce21a5231373f5d0deed032287047c9a790743,,
akocity,yuranosuke,current,ゆらのすけ,赤穂市,兵庫県,1,6,bus_feed_analyzed,data/raw/gtfs/current/akocity__yuranosuke__current.zip,99ac8610273f13dc27ff5c54b3ef71def298b2a293c1f0ab3ab892814bf93117,,
awajicity,awajinawahimebus,current,あわ神あわ姫バス,淡路市,兵庫県,1,6,bus_feed_analyzed,data/raw/gtfs/current/awajicity__awajinawahimebus__current.zip,2a92c9e2ccea77e93b5171e48298c8360ff5f96826c209035c717e14ace439ea,,
awajicity,awaji-jenova-line-akashi-iwaya,,淡路ジェノバライン明石岩屋航路,,,,,no_bus_route_type,,,data/raw/gtfs/current/awajicity__awaji-jenova-line-akashi-iwaya__current.zip,1
fukusakitown,junkai-fukuhime-fukusakikasairenkei,current,巡回バス/ふくひめ号/福崎町・加西市連携コミュニティバス,福崎町,兵庫県,1,7,bus_feed_analyzed,data/raw/gtfs/current/fukusakitown__junkai-fukuhime-fukusakikasairenkei__current.zip,d3e421b12a352f99f67cbf9b6fa1a23f1098d4ec15854d5dfa78481093109834,,
himejicity,ieshima-boze-yukihiko,current,家島コミュニティバス/坊勢コミュニティバス/コミュニティバス雪彦,姫路市,兵庫県,1,5,bus_feed_analyzed,data/raw/gtfs/current/himejicity__ieshima-boze-yukihiko__current.zip,8148bcfeac89ae3b23958ea4aaa924f505c9fc0076576d0980fb43a914a4789a,,
hyogo-kamikawatown,communitybus,current,コミュニティバス,神河町,兵庫県,1,5,bus_feed_analyzed,data/raw/gtfs/current/hyogo-kamikawatown__communitybus__current.zip,240b2261f8b3c51dfbef9ee147a30b24e1800ed7ebad48640337dc0544167e35,,
hyogo-ono,ranranbus,current,らんらんバス,小野市,兵庫県,1,12,bus_feed_analyzed,data/raw/gtfs/current/hyogo-ono__ranranbus__current.zip,f2a3a987a8afc31218a5a783fe942d40bd3e274653e2db837cafc5a8119dcef3,,
ichikawatown,communitybus,current,コミュニティバス,市川町,兵庫県,1,2,bus_feed_analyzed,data/raw/gtfs/current/ichikawatown__communitybus__current.zip,d0d051e47916d607d6abcffd7b381e3e6918c3199f5fcc99303b256355737679,,
inagawatown,fureaibus,current,ふれあいバス,猪名川町,兵庫県,1,2,bus_feed_analyzed,data/raw/gtfs/current/inagawatown__fureaibus__current.zip,f9c24f3341945b67e136f8a0ab73b0ba1c90c6b00c5fc80fd38d678aa8718238,,
kakogawacity,kakobuskakobusmini,current,かこバス/かこバスミニ,加古川市,兵庫県,1,13,bus_feed_analyzed,data/raw/gtfs/current/kakogawacity__kakobuskakobusmini__current.zip,d5f9117b551ad634241339a66b93decb40ba9870c147347a0e2c1e2cbcba67c5,,
kamigoritown,ainorigo,current,愛のり号,上郡町,兵庫県,1,8,bus_feed_analyzed,data/raw/gtfs/current/kamigoritown__ainorigo__current.zip,b7180ebe27d1d2b23d9b8df7e9dcde928bb3637cf510c607558cdde3e7b0f391,,
kasaicity,kasaineppihappybus,current,KASAIねっぴー号/はっぴーバス,加西市,兵庫県,1,9,bus_feed_analyzed,data/raw/gtfs/current/kasaicity__kasaineppihappybus__current.zip,3c18e43f30b923b80b192136cd0d2265db9fc02062bee5c3ba5841dead54150b,,
kasaicity,unifureaitomi,current,宇仁ふれあいバス/とみバス,加西市,兵庫県,1,4,bus_feed_analyzed,data/raw/gtfs/current/kasaicity__unifureaitomi__current.zip,f6c4ac48b2cafdef7f37a7a3eb503a3eada0fe1a962a37733185a95ded25f179,,
kobecity,kobe-satoyama,current,北区青葉台・柏尾台地区「さとやま」,神戸市,兵庫県,1,1,bus_feed_analyzed,data/raw/gtfs/current/kobecity__kobe-satoyama__current.zip,db0a5c58f989ad01ad8090ef334348f3b0681384edbea14c6e3a3883b651f51e,,
kobecity,kobe-shiokaze,current,神戸市コミュニティバス,神戸市,兵庫県,5,11,bus_feed_analyzed,data/raw/gtfs/current/kobecity__kobe-shiokaze__current.zip,895aa4752499b16d9f6c8c497f84f3a6d924594e9144b5b0d2e898ab4512fe9d,,
minamiawajicity,lanrunbus,current,らん・らんバス,南あわじ市,兵庫県,1,10,bus_feed_analyzed,data/raw/gtfs/current/minamiawajicity__lanrunbus__current.zip,15a9dd336f8e9817c064ce69e44ef8e5d2353c9f4f3f547f4edb6181388042b0,,
nishinomiyacity,sakurayamanami,current,さくらやまなみバス,西宮市,兵庫県,1,9,bus_feed_analyzed,data/raw/gtfs/current/nishinomiyacity__sakurayamanami__current.zip,529d14fa545ca9cde65d3fc0498541468b02e39546c7e3e45464ee3476d1f1fe,,
nishinomiyacity,najio-ikunokogen,current,名塩・生野高原ふれあいバス,西宮市,兵庫県,1,5,bus_feed_analyzed,data/raw/gtfs/current/nishinomiyacity__najio-ikunokogen__current.zip,8e63c17786fcd8d36d0195c3ecb29c6d76aaa8d98ca405ba1c287f5731ddc7f3,,
nishinomiyacity,koyoen,current,甲陽地区コミュニティバス（こよたんバス）,西宮市,兵庫県,1,3,bus_feed_analyzed,data/raw/gtfs/current/nishinomiyacity__koyoen__current.zip,dd5225425d0af75c130757d9acee6b80c9f870792f455c791d269b71afc4f88d,,
nishinomiyacity,guruttonamaze,current,ぐるっと生瀬,西宮市,兵庫県,1,4,bus_feed_analyzed,data/raw/gtfs/current/nishinomiyacity__guruttonamaze__current.zip,113111baa1c39c5e4a23938e01851c739823962178eae0320cac75b1da467e99,,
nishiwakicity,loopbus-orihimebus,current,ループバス/おりひめバス,西脇市,兵庫県,1,2,bus_feed_analyzed,data/raw/gtfs/current/nishiwakicity__loopbus-orihimebus__current.zip,59f6a183f158b51b238b2a534aabc5a2d56f567a34ba87f2d63dc89d255d6e82,,
sayotown,communitybus,current,コミュニティバス,佐用町,兵庫県,1,2,bus_feed_analyzed,data/raw/gtfs/current/sayotown__communitybus__current.zip,16cf125a944bf473fbb78e6fee1fef65822e6096c5cbef4ee076c04312e30a90,,
shinonsentown,yumetsubame,current,町民バス夢つばめ,新温泉町,兵庫県,1,11,bus_feed_analyzed,data/raw/gtfs/current/shinonsentown__yumetsubame__current.zip,b3d5c77d3f5f173733cc1d419f67a1484c8a4d39892f18d55bef08cf125ca001,,
shisocity,shitanbus-wingshinki,current,しーたんバス（蔦沢線・大谷線以外）,宍粟市,兵庫県,1,15,bus_feed_analyzed,data/raw/gtfs/current/shisocity__shitanbus-wingshinki__current.zip,3e63b8feb089bfcf9996dcf25a3065a469ba3d1f8304321dae273f2c12b9df3d,,
shisocity,shitanbus,current,しーたんバス（蔦沢線・大谷線）,宍粟市,兵庫県,1,2,bus_feed_analyzed,data/raw/gtfs/current/shisocity__shitanbus__current.zip,8ac29fc3a588d9e363787c6ccf871e4d45ca6095c63971df4cba84114e0c1164,,
sumotocity,communitybus,current,コミュニティバス,洲本市,兵庫県,1,2,bus_feed_analyzed,data/raw/gtfs/current/sumotocity__communitybus__current.zip,dfe731923317e152efd40e911b63c023504e7896421af92a96077fe918f9d1a6,,
takarazukacity,runrunbus,current,ランランバス,宝塚市,兵庫県,1,1,bus_feed_analyzed,data/raw/gtfs/current/takarazukacity__runrunbus__current.zip,f0d34de88ffd90c63c5e7a6d34190439b972512d7a5e3797e7d44cfaa48148dc,,
takasagocity,jotonbus,current,じょうとんバス,高砂市,兵庫県,1,6,bus_feed_analyzed,data/raw/gtfs/current/takasagocity__jotonbus__current.zip,07c1b35aa0629058d4ceafc49a762192ef578c10363cc0b471bd8882e12720fc,,
tatsunocity,communitybus,current,コミュニティバス,たつの市,兵庫県,1,7,bus_feed_analyzed,data/raw/gtfs/current/tatsunocity__communitybus__current.zip,338e223437b542230129fd3537124c56b5f2ef83f2bf627ceb4f53130d7caefe,,
toyookacity,inacar,current,イナカー,豊岡市,兵庫県,1,4,bus_feed_analyzed,data/raw/gtfs/current/toyookacity__inacar__current.zip,424bc1682f5a9fa7c9e1d02d5dea0b18d11c3976588641ecd89c08f535309444,,
toyookacity,kobus,current,コバス,豊岡市,兵庫県,1,4,bus_feed_analyzed,data/raw/gtfs/current/toyookacity__kobus__current.zip,9cbdfdca8548a354244054bf3807b1556f6d2eb20858b372d9514005d59b5e90,,
yamatokoriyamacity,kingyobus,current,大和郡山市コミュニティバス,大和郡山市,奈良県,1,3,bus_feed_analyzed,data/raw/gtfs/current/yamatokoriyamacity__kingyobus__current.zip,484982d92ff46065f76ccd0658be9a39c476c70f093949ccd34a27f0768b1646,,
yamatotakadacity,communitybuskibougou,current,コミュニティバスきぼう号,大和高田市,奈良県,1,8,bus_feed_analyzed,data/raw/gtfs/current/yamatotakadacity__communitybuskibougou__current.zip,1b4b8cd68a1cc88dd7e8af402daea70a18a91ef33a3bff91b81c66cf0c34b357,,
aridagawatown,aridagawatownbus,current,有田川町コミュニティバス,有田川町,和歌山県,1,15,bus_feed_analyzed,data/raw/gtfs/current/aridagawatown__aridagawatownbus__current.zip,34894d1d86bd4d9435e1bdd58fadb9d3d59041c94dd9367d5438e417158fdb04,,
chukibus,chukibus,current,中紀バス,中紀バス,和歌山県,1,6,bus_feed_analyzed,data/raw/gtfs/current/chukibus__chukibus__current.zip,5f31ae08f7dc63a3f4924dced541e4fe09a6b30d65c41f76e9d35d25252551ca,,
iwadecity,junkaibus,current,岩出市巡回バス,岩出市,和歌山県,1,3,bus_feed_analyzed,data/raw/gtfs/current/iwadecity__junkaibus__current.zip,78f0a0c0e0bf4d3a56fb56e508c1bf1df6a9a9bf15008921531b18b2326a1b45,,
katsuragitown,community-bus,current,かつらぎ町コミュニティバス,かつらぎ町,和歌山県,1,3,bus_feed_analyzed,data/raw/gtfs/current/katsuragitown__community-bus__current.zip,ccfc09a8f54253517d6ad1fd286ddfa4538be549f73ba37a43164c228a4dfca9,,
kinokawacity,kinokawa_bus,current,紀の川市地域巡回バス・紀の川コミュニティバス,紀の川市,和歌山県,1,16,bus_feed_analyzed,data/raw/gtfs/current/kinokawacity__kinokawa_bus__current.zip,57baff8a79435751f50f16b300e4d6f515e687f35f16eff1bc454c69c5ed1acc,,
kumanogobobus,kumanogobobus_kumano,current,熊野御坊南海バス 熊野エリア,熊野御坊南海バス株式会社,和歌山県,1,25,bus_feed_analyzed,data/raw/gtfs/current/kumanogobobus__kumanogobobus_kumano__current.zip,cf1d6a9e26e78c473b622565c67ba434ec5dc55edce96171220016d956c1b33c,,
kumanogobobus,kumanogobobus_gobo,current,熊野御坊南海バス 御坊エリア,熊野御坊南海バス株式会社,和歌山県,1,6,bus_feed_analyzed,data/raw/gtfs/current/kumanogobobus__kumanogobobus_gobo__current.zip,d2974c8892fb0f4011e2a5c9ad49549902d2635e27de09c854d2a70f08d89671,,
kushimoto,bus-kushimotokankoshuyu-wakayama-jp,current,くしもと観光周遊バス　まぐトル号,くしもと観光周遊バス推進協議会（事務局：和歌山県立南紀熊野ジオパークセンター））,和歌山県,1,1,bus_feed_analyzed,data/raw/gtfs/current/kushimoto__bus-kushimotokankoshuyu-wakayama-jp__current.zip,fa69cdcd38d1907e1eeedfe7da7ee2323d3fcfa1e66be510333fe6c8a1aad7c6,,
meikobus,meikobus,current,明光バス,明光バス株式会社,和歌山県,1,24,bus_feed_analyzed,data/raw/gtfs/current/meikobus__meikobus__current.zip,0ea42ef84abca5874f03a0d68e44bfba05422d522e80f04e4844aaaff6e3cf9b,,
rinkan,koyasan,current,南海りんかんバス高野山エリア,南海りんかんバス株式会社,和歌山県,1,14,bus_feed_analyzed,data/raw/gtfs/current/rinkan__koyasan__current.zip,793c79935fc88238a4f5e39b953245a10a20c1bf5e0f92200f1e5a01642b2631,,
rinkan,hashimoto-rinkandenentoshi,current,南海りんかんバス橋本・林間田園都市エリア,南海りんかんバス株式会社,和歌山県,1,10,bus_feed_analyzed,data/raw/gtfs/current/rinkan__hashimoto-rinkandenentoshi__current.zip,3475747c7ad51f618a62e66fd28f4b93bbe2ea2e428f25bce69408cc611c22d8,,
ryujinbus,ryujinbus,current,龍神自動車,龍神自動車株式会社,和歌山県,1,12,bus_feed_analyzed,data/raw/gtfs/current/ryujinbus__ryujinbus__current.zip,138769deb13fb80b328927f2daece390998e814d6702df28517bf058d3fbdc0d,,
tanabecity,Jumin-Bus,current,田辺市住民バス,田辺市,和歌山県,1,10,bus_feed_analyzed,data/raw/gtfs/current/tanabecity__Jumin-Bus__current.zip,1865156455ee774dfcf31b4b25d3b4f0082bfc1bf8cbe1b77dfdc849e4f48b63,,
masudacity,noriai,current,益田市乗合タクシー,益田市,島根県,1,2,bus_feed_analyzed,data/raw/gtfs/current/masudacity__noriai__current.zip,e6af40891512f83a46064c6b4e036ebedb9014032cdfc568fc6a394ba23f6cb3,,
hayashimatown,hayashimatowncommunitybus,current,早島町コミュニティバス,早島町,岡山県,1,2,bus_feed_analyzed,data/raw/gtfs/current/hayashimatown__hayashimatowncommunitybus__current.zip,0d5fc22de61302088440a4f4513eb23a9b3e5e2c8887f791aa4b379b90df1c84,,
hokushin-bus,ibaraaiaibus,current,井原あいあいバス,北振バス株式会社,岡山県,1,6,bus_feed_analyzed,data/raw/gtfs/current/hokushin-bus__ibaraaiaibus__current.zip,8db2f08a96465f08b82ae6e8b7ec8189f4b3d02b61fbd2f050bed5645c302740,,
hokushin-bus,hokushinbus,current,北振バス,北振バス株式会社,岡山県,1,15,bus_feed_analyzed,data/raw/gtfs/current/hokushin-bus__hokushinbus__current.zip,0615e02db471b821660888b80b5fce20f39eddd5176fe12fc32c59ef6fe8241b,,
kagaminotown,kagaminotownbus,current,鏡野町営バス,鏡野町,岡山県,1,5,bus_feed_analyzed,data/raw/gtfs/current/kagaminotown__kagaminotownbus__current.zip,b67922d19f52148c0b36a83488a297628adede76c6348d77e669a533abbf32cd,,
maniwacity,maniwakun,current,真庭市コミュニティバス「まにわくん」,真庭市,岡山県,1,3,bus_feed_analyzed,data/raw/gtfs/current/maniwacity__maniwakun__current.zip,804546f21e2bc17058df8f486762109a5bec7f27610687b5349645dd3bbfb564,,
nagitown,nagibus,current,なぎバス,奈義町,岡山県,1,1,bus_feed_analyzed,data/raw/gtfs/current/nagitown__nagibus__current.zip,b9e5e99d51f0051d87e76c0b059cb8d22a0f68f1b167a574d2c0d0e52acf23a8,,
niimicity,niimishieibus,current,新見市営バス,新見市,岡山県,1,10,bus_feed_analyzed,data/raw/gtfs/current/niimicity__niimishieibus__current.zip,19d48d2db72b8eb0fd9d1f50b5c8efe382a0d4cbcea02ad5d39a3dcaaa3d6b22,,
setouchicity,setouchicitykankobus,current,長船だがし線,瀬戸内市,岡山県,1,1,bus_feed_analyzed,data/raw/gtfs/current/setouchicity__setouchicitykankobus__current.zip,3ee5b4c5329b1fe7571a1370696f06662d88301626e198836d2e4d9f1847dbea,,
setouchicity,setouchicitybus,current,瀬戸内市営バス,瀬戸内市,岡山県,1,8,bus_feed_analyzed,data/raw/gtfs/current/setouchicity__setouchicitybus__current.zip,190c8a831ab6af75a834af5ff18416838939bf5117dc7fafa7ba5f934c35ce5f,,
shootown,shoochofureaibus,current,勝央町ふれあいバス,勝央町,岡山県,1,7,bus_feed_analyzed,data/raw/gtfs/current/shootown__shoochofureaibus__current.zip,29bb1654678b23ed739faf6866edc63f25f77fd8faf59fe3e70599317f7ed793,,
asatetu,asakaigantetsudo,current,阿佐海岸鉄道株式会社【DMV】,阿佐海岸鉄道株式会社,徳島県,1,2,bus_feed_analyzed,data/raw/gtfs/current/asatetu__asakaigantetsudo__current.zip,d6c150065303d90885551d9a78449946a816ed308e40cd57d3243a7a4a2830f8,,
higashimiyoshitown,higashimiyoshitownbus,current,東みよし町営バス,東みよし町,徳島県,1,2,bus_feed_analyzed,data/raw/gtfs/current/higashimiyoshitown__higashimiyoshitownbus__current.zip,ea2e70bdbc0d25c1367fdc8aade6d9cf9c7154133eebebcb1a915fc615d05515,,
kaiyotown,kaiyotownbus,current,海陽町営バス,海陽町,徳島県,1,3,bus_feed_analyzed,data/raw/gtfs/current/kaiyotown__kaiyotownbus__current.zip,a45196e7e1c7efe04caf747db81b408621bb4882f1be4a7649bdf8ecee058241,,
kitajimatown,kitajimatownfukushibus,current,北島町福祉バス,北島町,徳島県,1,8,bus_feed_analyzed,data/raw/gtfs/current/kitajimatown__kitajimatownfukushibus__current.zip,87112c679502831471a0a6a6779422d21ee15db820082a4313f5ca496037de85,,
matsushigetown,matsushigetownbus,current,松茂町地域コミュニティバス,松茂町,徳島県,1,4,bus_feed_analyzed,data/raw/gtfs/current/matsushigetown__matsushigetownbus__current.zip,dc8bcb9b0b3bf6edc24e5d8c17dec299a2cb10078ad003e03ee109116c5b962f,,
nakatown,nakatownbus,current,那賀町営バス,那賀町,徳島県,1,7,bus_feed_analyzed,data/raw/gtfs/current/nakatown__nakatownbus__current.zip,c30eb8579d0b95b28f27e4adff2db66c1edc7318edce18ea1cf41896611edd89,,
narutocity,narutocitytosen,,鳴門市営渡船,,,,,no_bus_route_type,,,data/raw/gtfs/current/narutocity__narutocitytosen__current.zip,1
narutocity,narutocitychiikibus,current,鳴門市地域バス,鳴門市,徳島県,1,3,bus_feed_analyzed,data/raw/gtfs/current/narutocity__narutocitychiikibus__current.zip,af2100e4a0ae4abca35804e542886fa5465261f9d44a772fc84dd43d41813989,,
tokubus,tokushimabus,current,徳島バス株式会社,徳島バス株式会社,徳島県,1,85,bus_feed_analyzed,data/raw/gtfs/current/tokubus__tokushimabus__current.zip,dd208653c18242eb3868139267b1a63c7269af8f18e790142601224f39f0022a,,
tokubus-nanbu,tokushimabusnanbu,current,徳島バス南部株式会社,徳島バス南部株式会社,徳島県,1,13,bus_feed_analyzed,data/raw/gtfs/current/tokubus-nanbu__tokushimabusnanbu__current.zip,629fd86b1192370389f2373d7d601efb55771e882a72875cd672ef85b2eb70a8,,
tokushima-miyoshicity,miyoshicitybus,current,三好市営バス,三好市,徳島県,1,15,bus_feed_analyzed,data/raw/gtfs/current/tokushima-miyoshicity__miyoshicitybus__current.zip,41b42f717cf8d744bcbc69e1f0b010e15c881154b593ff1351cf901308e48960,,
tokushima-shiei,tokushimacitybus,current,徳島市営バス,徳島市交通局,徳島県,1,5,bus_feed_analyzed,data/raw/gtfs/current/tokushima-shiei__tokushimacitybus__current.zip,45846a05c031bbb110cd982fbf58b30102a4d21df627ae76914311941e3d87f6,,
tokushimacity,kamihachimanbus,current,上八万コミュニティバス,徳島市,徳島県,1,3,bus_feed_analyzed,data/raw/gtfs/current/tokushimacity__kamihachimanbus__current.zip,c94ae4ebdaf1e301d77f7ffdf93c6fc3a102fd25652ed953827792e3b974f79b,,
tokushimacity,oujinfureaibus,current,応神ふれあいバス,徳島市,徳島県,1,2,bus_feed_analyzed,data/raw/gtfs/current/tokushimacity__oujinfureaibus__current.zip,75c2b81229aaf0e38e8d7cd7561c7a7beb75ddf619c44d9497e7c336d54263a3,,
tsurugitown,tsurugitownbus,current,つるぎ町コミュニティーバス,つるぎ町,徳島県,1,2,bus_feed_analyzed,data/raw/gtfs/current/tsurugitown__tsurugitownbus__current.zip,49dfb0bad06606e98170cb22d62997fac7c9c064d94e392087a511e48df1da48,,
yoshinogawacity,yoshinogawacitybus,current,吉野川市代替バス,吉野川市,徳島県,1,1,bus_feed_analyzed,data/raw/gtfs/current/yoshinogawacity__yoshinogawacitybus__current.zip,dafeb1152c594dbe44cd7277b633178db8ab699eabae42fca2960e8f7643eaa3,,
kanonjicity,kanonjishi-noriaibus,current,観音寺市のりあいバス,観音寺市,香川県,1,6,bus_feed_analyzed,data/raw/gtfs/current/kanonjicity__kanonjishi-noriaibus__current.zip,41cd27125a03983a11db4e381325f4628acdace61801d1760860c9d537ceba12,,
kotosan,sakaide-local,current,坂出路線,琴参バス株式会社,香川県,1,19,bus_feed_analyzed,data/raw/gtfs/current/kotosan__sakaide-local__current.zip,a0243316475d606b295a1d3341f1c98e9b3735f7a454ebfce4f0998715511023,,
kotosan,kotohira-local,current,琴平路線,琴参バス株式会社,香川県,1,3,bus_feed_analyzed,data/raw/gtfs/current/kotosan__kotohira-local__current.zip,78f602857f93786e2a2be49c0383687d0446cf6a4450da101709bada7c132ef4,,
kotosan,marugame-community,current,丸亀コミュニティバス,琴参バス株式会社,香川県,1,5,bus_feed_analyzed,data/raw/gtfs/current/kotosan__marugame-community__current.zip,e14ac55910ef5992fc256c062daa0e56420c14b951ea1ef0632a86f52ae94f71,,
mitoyocity,mitoyocommunitybus,current,三豊市コミュニティバス,三豊市,香川県,1,12,bus_feed_analyzed,data/raw/gtfs/current/mitoyocity__mitoyocommunitybus__current.zip,0005146d65101522711d88568496593b1fcd56d3b2d7c452cb7be32035c6abc7,,
naoshimatown,naoshima,current,直島町,直島町,香川県,1,2,bus_feed_analyzed,data/raw/gtfs/current/naoshimatown__naoshima__current.zip,07df0ef926368eed3f2b053fe3135c53355d0577fbb64bc78f8c82fa7d914d94,,
seisan-kanko,seisankanko_limousine,current,西讃観光（高松空港リムジンバス）,西讃観光,香川県,1,2,bus_feed_analyzed,data/raw/gtfs/current/seisan-kanko__seisankanko_limousine__current.zip,4688b03ab1339ec6b7383172052034727edeeb5f1e980797dbf1d6b3f826cd91,,
akicity,GTFS-Akicity_Bus,current,安芸市「元気バス」,安芸市,高知県,1,9,bus_feed_analyzed,data/raw/gtfs/current/akicity__GTFS-Akicity_Bus__current.zip,4fc4da39376c7993b7e59bc9e8db821b3e15e633364d56cc5681c5a016c24530,,
geiseivillage,GTFS-Geiseivill_Bus,current,芸西村「おでかけバス」,芸西村,高知県,1,3,bus_feed_analyzed,data/raw/gtfs/current/geiseivillage__GTFS-Geiseivill_Bus__current.zip,ad47b79ac22e3d83bade29c427bb7bb763eaeb50d67e39550d532e18f4e62642,,
inotown,GTFS-Inotown_Loopbus,current,いの町営バス「伊野循環線」,いの町,高知県,1,1,bus_feed_analyzed,data/raw/gtfs/current/inotown__GTFS-Inotown_Loopbus__current.zip,8010becbd26fc357e0ed4c58ec3ae6f061726ee9f537dd9c40004f7cff7cdcfc,,
inotown,GTFS-Inotown_HongawaArea,current,いの町営バス「本川地区」,いの町,高知県,1,2,bus_feed_analyzed,data/raw/gtfs/current/inotown__GTFS-Inotown_HongawaArea__current.zip,02f8f19b5dc093fea22b7444d530d350e4242b67a8119ebea97ea375a8e4e40b,,
jr-shikoku-bus-kochi,GTFS-JRbus_Otochi,current,路線バス,ジェイアール四国バス株式会社 高知支店,高知県,1,1,bus_feed_analyzed,data/raw/gtfs/current/jr-shikoku-bus-kochi__GTFS-JRbus_Otochi__current.zip,9fcbb38e3908b3087f8435cf0a6a413970166a0a5e15acdbea7585ba72de8899,,
kamicity,GTFS-Kamicity_Bus,current,香美市営バス,香美市,高知県,1,11,bus_feed_analyzed,data/raw/gtfs/current/kamicity__GTFS-Kamicity_Bus__current.zip,f232a307114ebace81979dfbd7ff4a870f8eaf71a5a0e4380a4eca0bdbeb55cf,,
kamicity,GTFS-Kamicity_Demandbus,current,香美市営バス デマンド,香美市,高知県,1,2,bus_feed_analyzed,data/raw/gtfs/current/kamicity__GTFS-Kamicity_Demandbus__current.zip,9258adc2ac946de23c1cc25484bcd7fa86ffc8af742b30e36d0b2e8932c1aad2,,
khkhokubu-kotsu,GTFS-Hokubutraffic_Localbus,current,路線バス,株式会社県交北部交通,高知県,1,2,bus_feed_analyzed,data/raw/gtfs/current/khkhokubu-kotsu__GTFS-Hokubutraffic_Localbus__current.zip,d459455c4b98ab159af5ca0adb427d1760fa4cee064dbcc1a07a343915317870,,
kitagawavillage,GTFS-Kitagawavill_Bus,current,北川村営バス,北川村,高知県,1,7,bus_feed_analyzed,data/raw/gtfs/current/kitagawavillage__GTFS-Kitagawavill_Bus__current.zip,4bb1364c1953870856bae559bffca953a1a15faf92578ea8fd2540e66c666df1,,
kochi-ekimae-kanko,GTFS-Ekimae_Expressbus,current,高速バス,株式会社高知駅前観光,高知県,1,4,bus_feed_analyzed,data/raw/gtfs/current/kochi-ekimae-kanko__GTFS-Ekimae_Expressbus__current.zip,b6d6abaf5dc5e3341101372affdd8dfda65577359270e9c752f48c50e9ef324f,,
kochi-ekimae-kanko,GTFS-Ekimae_Airportbus,current,空港連絡バス,株式会社高知駅前観光,高知県,1,2,bus_feed_analyzed,data/raw/gtfs/current/kochi-ekimae-kanko__GTFS-Ekimae_Airportbus__current.zip,9521e657174e08cb0c06e363a210fc2e288a36e6388f3be83fc0327672133030,,
kochi-kanko-convention,GTFS-KVCA_MY-YUbus,current,MY遊バス,公益財団法人高知県観光コンベンション協会,高知県,1,1,bus_feed_analyzed,data/raw/gtfs/current/kochi-kanko-convention__GTFS-KVCA_MY-YUbus__current.zip,656d27fb82656f5ab25c9f57bced0251dcce0562b3199f8009209e9141477987,,
kochi-konancity,GTFS-Konancity_Bus,current,香南市営バス,香南市,高知県,1,14,bus_feed_analyzed,data/raw/gtfs/current/kochi-konancity__GTFS-Konancity_Bus__current.zip,0dc137cf60a7645179cfa29eff377e91a29f630093972acbbb45527bb4829599,,
kochi-koryo-kotsu,GTFS-Koryotraffic_Localbus,current,路線バス,高知高陵交通株式会社,高知県,1,8,bus_feed_analyzed,data/raw/gtfs/current/kochi-koryo-kotsu__GTFS-Koryotraffic_Localbus__current.zip,70e5cd7f59920e2bf427f69a7673c9ee6423e6bbccd17dbcfcecd7fc2552186f,,
kochi-seinan-kotsu,GTFS-Seinantraffic_Localbus,current,路線バス,高知西南交通株式会社,高知県,1,23,bus_feed_analyzed,data/raw/gtfs/current/kochi-seinan-kotsu__GTFS-Seinantraffic_Localbus__current.zip,249f2dceef9b72e2577a1f710e5af22b1b43a6121efb656483bcc6dc70281dd4,,
kochi-seinan-kotsu,GTFS-Seinan_Expressbus,current,高速バス,高知西南交通株式会社,高知県,1,1,bus_feed_analyzed,data/raw/gtfs/current/kochi-seinan-kotsu__GTFS-Seinan_Expressbus__current.zip,bdbe8fabd11f28c95ea796d530012e039b0b54733a61654f3003d3450677e4cd,,
kochi-seinan-kotsu,GTFS-Seinantraffic_Shimaashi,current,しまんと・あしずり号,高知西南交通株式会社,高知県,1,2,bus_feed_analyzed,data/raw/gtfs/current/kochi-seinan-kotsu__GTFS-Seinantraffic_Shimaashi__current.zip,4897c67ddb88e27f49d4c167c5cc2cc1377a44933d1aa78c95855f0f519ea72f,,
kochi-seinan-kotsu,GTFS-Seinantraffic_Akamego,current,まちなかぐるっと循環周遊バス,高知西南交通株式会社,高知県,1,1,bus_feed_analyzed,data/raw/gtfs/current/kochi-seinan-kotsu__GTFS-Seinantraffic_Akamego__current.zip,5406cb78294746a8653e09caf8dd49c26576ef054d8ef07550fbe129e89e6b44,,
kochi-seinan-kotsu,GTFS-Seinantraffic_Riverbus,current,四万十川バス,高知西南交通株式会社,高知県,1,1,bus_feed_analyzed,data/raw/gtfs/current/kochi-seinan-kotsu__GTFS-Seinantraffic_Riverbus__current.zip,54e1754f7931922117c772cccdd6588ae4f9ce708f74aef5047714d10e228af3,,
kochi-suzakicity,GTFS-Susakicity_Bus,current,須崎市営バス,須崎市,高知県,1,1,bus_feed_analyzed,data/raw/gtfs/current/kochi-suzakicity__GTFS-Susakicity_Bus__current.zip,2a134c0faefcc0f35948f82366d31c81d1364c70afa300b4a5d57df40a472eb4,,
kochi-suzakicity,GTFS-Susakicity_Ferry,,須崎市営巡航船,,,,,no_bus_route_type,,,data/raw/gtfs/current/kochi-suzakicity__GTFS-Susakicity_Ferry__current.zip,1
kochi-tobu-kotsu,GTFS-Tobutraffic_Localbus,current,路線バス,高知東部交通株式会社,高知県,1,5,bus_feed_analyzed,data/raw/gtfs/current/kochi-tobu-kotsu__GTFS-Tobutraffic_Localbus__current.zip,57c9ef72ba7b4f523d0d93f6465886b030f763ed4669733b4b1fdfd58188c61c,,
kochi-tsunotown,GTFS-Tsunotown_Bus,current,津野町コミュニティバス「つのバス」,津野町,高知県,1,17,bus_feed_analyzed,data/raw/gtfs/current/kochi-tsunotown__GTFS-Tsunotown_Bus__current.zip,04299a2c771a1738eb61ee781187da50a95a6b40aeba513a139c40f33050ae7c,,
kochi_pref,GTFS-Kochipref_Ferry,,高知県営渡船,,,,,no_bus_route_type,,,data/raw/gtfs/current/kochi_pref__GTFS-Kochipref_Ferry__current.zip,1
kochiap,GTFS-KochIAP_AirportShare,,高知県航空利用促進協議会「空港乗合タクシー」,,,,,no_bus_route_type,,,data/raw/gtfs/current/kochiap__GTFS-KochIAP_AirportShare__current.zip,1
kuroiwa-kanko,GTFS-Kuroiwakanko_Localbus,current,路線バス,有限会社黒岩観光,高知県,1,4,bus_feed_analyzed,data/raw/gtfs/current/kuroiwa-kanko__GTFS-Kuroiwakanko_Localbus__current.zip,f2273a004491fc10a6d395dc9e8f1afe3c1bb9262a97d6eb529fcf6e817dea58,,
miharavillage,GTFS-Miharavill_Bus,current,三原村「三原バス」,三原村,高知県,1,9,bus_feed_analyzed,data/raw/gtfs/current/miharavillage__GTFS-Miharavill_Bus__current.zip,ba520e6073fd451de4cb4e7644657d114c7038c9cd365088194fa75bea7bf409,,
motoyamatown,GTFS-Motoyamatown_Bus,current,本山町コミュニティバス「さくらバス」,本山町,高知県,1,4,bus_feed_analyzed,data/raw/gtfs/current/motoyamatown__GTFS-Motoyamatown_Bus__current.zip,bbbe039676e41218dac888c1b593865644ca8fb218de8ef2e4dff548dd472152,,
murotocity,GTFS-Murotocity_Bus,current,室戸市コミュニティバス「むろはぴ号」,室戸市,高知県,1,9,bus_feed_analyzed,data/raw/gtfs/current/murotocity__GTFS-Murotocity_Bus__current.zip,b632bea58e7d58da662d353bae66f12954c64ef14b1ea580b8146d5fd21d9b77,,
nakatosatown,GTFS-Nakatosatown_Bus,current,中土佐町コミュニティバス,中土佐町,高知県,1,7,bus_feed_analyzed,data/raw/gtfs/current/nakatosatown__GTFS-Nakatosatown_Bus__current.zip,448da65b1a2e40b24e5dcf0b414e77b7d9903be0963a93ec808d711d0c4818f2,,
nangokucity,GTFS-Nankokucity_AirportShare,,南国市「空港乗合タクシー」,,,,,no_bus_route_type,,,data/raw/gtfs/current/nangokucity__GTFS-Nankokucity_AirportShare__current.zip,1
nangokucity,GTFS-Nankokucity_Bus,current,南国市コミュニティバス「NACOバス」,南国市,高知県,1,4,bus_feed_analyzed,data/raw/gtfs/current/nangokucity__GTFS-Nankokucity_Bus__current.zip,3e8a28116bb936da4ab211904a6a712c0fd4c2edaa1a2bc32cefd7f7d602404b,,
niyodogawatown,GTFS-Niyodogawatown_Townsbus,current,仁淀川町町民バス,仁淀川町,高知県,1,10,bus_feed_analyzed,data/raw/gtfs/current/niyodogawatown__GTFS-Niyodogawatown_Townsbus__current.zip,b3aced0415a44064a7381e95d407d569ac294ec90a51c705f24e39fee259792a,,
otsukitown,GTFS-Otsukitown_Bus,current,大月町「まちなか循環線」,大月町,高知県,1,1,bus_feed_analyzed,data/raw/gtfs/current/otsukitown__GTFS-Otsukitown_Bus__current.zip,67743f8a98431ed2866b753d4ef335cb1cb079f71cac06189b28342aee469a5a,,
reihoku-kanko,GTFS-Reihokukanko_Localbus,current,路線バス,有限会社嶺北観光自動車,高知県,1,7,bus_feed_analyzed,data/raw/gtfs/current/reihoku-kanko__GTFS-Reihokukanko_Localbus__current.zip,035b9c9b3d4db6a5b0c25fd5afe93c1e3bbac2dd792360f038fc5fd8ef80ae63,,
sakawatown,GTFS-Sakawatown_Bus,current,佐川町コミュニティバス「さかわぐるぐるバス」,佐川町,高知県,1,10,bus_feed_analyzed,data/raw/gtfs/current/sakawatown__GTFS-Sakawatown_Bus__current.zip,8b5df227dd7395c95e2a1bd26fb76e42cff34e45beddeec613089ae16a21a7b6,,
shimanto-kotsu,GTFS-Shimantotraffic_Feederbus,current,路線バス フィーダー線,株式会社四万十交通,高知県,1,1,bus_feed_analyzed,data/raw/gtfs/current/shimanto-kotsu__GTFS-Shimantotraffic_Feederbus__current.zip,979f069f5907a6f0c5d94405557e10d7f8045121473ffa0cc8ec3f4794ded536,,
shimanto-kotsu,GTFS-Shimantotraffic_Localbus,current,路線バス,株式会社四万十交通,高知県,1,10,bus_feed_analyzed,data/raw/gtfs/current/shimanto-kotsu__GTFS-Shimantotraffic_Localbus__current.zip,0cf0aaac0d587cbcaba029c57a02e282db9673b19442b4f686b5fe9eb5df29ee,,
shimantocity,GTFS-Shimantocity_Bus,current,四万十市営バス,四万十市,高知県,1,4,bus_feed_analyzed,data/raw/gtfs/current/shimantocity__GTFS-Shimantocity_Bus__current.zip,0b776c3421fa2041ac8a6bd251d60a5ac71ef5b24422794d7c5b121a45a404a6,,
shimantotown,GTFS-Shimantotown_Bus,current,四万十町コミュニティバス,四万十町,高知県,1,25,bus_feed_analyzed,data/raw/gtfs/current/shimantotown__GTFS-Shimantotown_Bus__current.zip,c12425081363ed7f2896bbbf2f10deaeb1c38b5512bf4b7f373229c99166eb6b,,
sukumocity,GTFS-Sukumocity_Yururinbus,current,宿毛市「ゆるりんバス」,宿毛市,高知県,1,2,bus_feed_analyzed,data/raw/gtfs/current/sukumocity__GTFS-Sukumocity_Yururinbus__current.zip,b5f5f25f9c99cb8e8af07a9978aad68b475b00640756e810077f83b3d706f1db,,
sukumocity,GTFS-Sukumocity_Ferry,,宿毛市営定期船航路「沖の島航路」,,,,,no_bus_route_type,,,data/raw/gtfs/current/sukumocity__GTFS-Sukumocity_Ferry__current.zip,1
sukumocity,GTFS-Sukumocity_Hanabus,current,宿毛市コミュニティバス「はなちゃんバス」,宿毛市,高知県,1,5,bus_feed_analyzed,data/raw/gtfs/current/sukumocity__GTFS-Sukumocity_Hanabus__current.zip,3b59e83561a8303b49041ed6b96ca495bffcc87be85603e7472f2b508e6d1c55,,
tanotown,GTFS-Tanotown_Bus,current,田野町コミュニティーバス「たのくるバス」,田野町,高知県,1,2,bus_feed_analyzed,data/raw/gtfs/current/tanotown__GTFS-Tanotown_Bus__current.zip,690c331950c096bd539ea9a30b47d43279709da2a7eae1277f0ad82154fd0fb4,,
tosacity,GTFS-Tosacity_Bus,current,土佐市コミュニティバス「ドラゴンバス」,土佐市,高知県,1,3,bus_feed_analyzed,data/raw/gtfs/current/tosacity__GTFS-Tosacity_Bus__current.zip,db83f03c7d22f515e66431cda73159fa35d4f097bf38efee0e5e5ab847e724d2,,
tosaden-kotsu,GTFS-Tosadentraffic_Regularbus,current,路線バス,とさでん交通株式会社,高知県,1,23,bus_feed_analyzed,data/raw/gtfs/current/tosaden-kotsu__GTFS-Tosadentraffic_Regularbus__current.zip,550322efe02d55b2df8307a124803e140180bf8727cde705d4caf658799ff685,,
tosaden-kotsu,GTFS-Tosadentraffic_Streetcar,,路面電車,,,,,no_bus_route_type,,,data/raw/gtfs/current/tosaden-kotsu__GTFS-Tosadentraffic_Streetcar__current.zip,1
tosaden-kotsu,GTFS-Tosadentraffic_Airportbus,current,空港連絡バス,とさでん交通株式会社,高知県,1,2,bus_feed_analyzed,data/raw/gtfs/current/tosaden-kotsu__GTFS-Tosadentraffic_Airportbus__current.zip,094d1fe054b15cafe81a6cb8c1a0ece18d019f818a251e26634d8465b0921820,,
tosashimizucity,GTFS-Tosashimizucity_Bus,current,土佐清水市デマンド交通「おでかけ号」,土佐清水市,高知県,1,3,bus_feed_analyzed,data/raw/gtfs/current/tosashimizucity__GTFS-Tosashimizucity_Bus__current.zip,6029df6c93974deea7a202d4fa0714e5548d817b9b2d9baaabdced1d1a898b05,,
yasudatown,GTFS-Yasudatown_Bus,current,安田町コミュニティバス「やすら号」,安田町,高知県,1,2,bus_feed_analyzed,data/raw/gtfs/current/yasudatown__GTFS-Yasudatown_Bus__current.zip,d165d0131b0211df99096db7d2ac32ebf4230bf31b82ba3ee5014caa54d92c8d,,
amagikankobus,AmagiKankoBus,current,株式会社甘木観光バス,株式会社甘木観光バス,福岡県,1,2,bus_feed_analyzed,data/raw/gtfs/current/amagikankobus__AmagiKankoBus__current.zip,825acfad1e80f3ee0eac1edb04d66f366d7421c60b3a765dc5a7262d31c2375b,,
ashiyatown,AshiyaTownBus,current,芦屋町コミュニティバス 芦屋タウンバス,芦屋町,福岡県,1,8,bus_feed_analyzed,data/raw/gtfs/current/ashiyatown__AshiyaTownBus__current.zip,8148c57b6f0837d776aa3b6ef59df23714baf5965d07dba2ed2ca5b72655c0d4,,
buzencity,BuzenCityBus,current,豊前市バス,豊前市,福岡県,1,4,bus_feed_analyzed,data/raw/gtfs/current/buzencity__BuzenCityBus__current.zip,e9a397eec5fb189c050bf60f35864af4bc4ab27c0c86a82e5561bab11edd8302,,
chikugocity,HainuzukaStationAreaLoopBus,current,羽犬塚駅周辺循環バス（はねバス）,筑後市,福岡県,1,2,bus_feed_analyzed,data/raw/gtfs/current/chikugocity__HainuzukaStationAreaLoopBus__current.zip,da758a1436a7a05de47b67d57fbabe694b8f9d9c97a2f95b02e6546721bb1e8f,,
chikujotown,ChikujoTownCommunityBus,current,築上町コミュニティバス,築上町,福岡県,1,4,bus_feed_analyzed,data/raw/gtfs/current/chikujotown__ChikujoTownCommunityBus__current.zip,303fe175458cebdeb188aa4adfc3a727408a530363336f8959d7febc148d2510,,
dazaifucity,DazaifuCityCommunityBus,current,太宰府市コミュニティバスまほろば号,太宰府市,福岡県,1,3,bus_feed_analyzed,data/raw/gtfs/current/dazaifucity__DazaifuCityCommunityBus__current.zip,9fca4da2973f45c49721d8b4eb55a8be8f9806d58177436e9f42fc2f2681dbe8,,
fukuoka-kawasakitown,KawasakiTownFureaiBus,current,川崎町ふれあいバス,川崎町,福岡県,1,5,bus_feed_analyzed,data/raw/gtfs/current/fukuoka-kawasakitown__KawasakiTownFureaiBus__current.zip,473dbff8b7fc70f5fcd2f90738b852c64e2e6697bacc8be9b56874dd9b018d66,,
fukuoka-kogacity,KogaBus,current,コガバス,古賀市,福岡県,1,2,bus_feed_analyzed,data/raw/gtfs/current/fukuoka-kogacity__KogaBus__current.zip,d7fd39e91d4528aa30bd0c4e9cc27bcee92cc20aa2c97142729827d64e104d3a,,
fukuokacity,ImajukuMeinohamaLine,current,今宿姪浜線乗合バス,福岡市,福岡県,1,1,bus_feed_analyzed,data/raw/gtfs/current/fukuokacity__ImajukuMeinohamaLine__current.zip,a170c057cb296dd0c1076b9a647c146a2be6f1fe643a1df3fccd069e3c2ef005,,
fukutsucity,minibus,current,ふくつミニバス・ふくつ乗合タクシー,福津市,福岡県,1,6,bus_feed_analyzed,data/raw/gtfs/current/fukutsucity__minibus__current.zip,302b4a5b5aca5373cbcbd2c51fd9d3d7ab4b3fe9d2af0e3eecd4b2a144f9143c,,
hisayamatown,HisayamaIkoBus,current,久山町コミュニティバス イコバス,久山町,福岡県,1,2,bus_feed_analyzed,data/raw/gtfs/current/hisayamatown__HisayamaIkoBus__current.zip,0be3b2fd79732e6a285c9ae7cd63d7632fd35ac0f12a0a05e111c1fec625b2b3,,
kamacity,KamaCityBus,current,嘉麻市バス,嘉麻市,福岡県,1,16,bus_feed_analyzed,data/raw/gtfs/current/kamacity__KamaCityBus__current.zip,6ace7e018a78316c7ea69b282685ecb2ae1a736f804f8f7698251bb98216e798,,
kandatown,KandaTownCommunityBus,current,苅田町コミュニティバス,苅田町,福岡県,1,4,bus_feed_analyzed,data/raw/gtfs/current/kandatown__KandaTownCommunityBus__current.zip,1de07664db5157c95a5b4e409f33bfe8fb3218270cdda0d5e8662bd95daf2215,,
kasugacity,yayoi_kasuga,current,春日市コミュニティバスやよい,春日市,福岡県,1,7,bus_feed_analyzed,data/raw/gtfs/current/kasugacity__yayoi_kasuga__current.zip,46810fd34c249ccb533345776bc6e2f7d45353d4e8296806a7b773f343beca13,,
kitakyushucity,tsunemi-kitaku,current,門司区恒見・喜多久地区,北九州市,福岡県,1,1,bus_feed_analyzed,data/raw/gtfs/current/kitakyushucity__tsunemi-kitaku__current.zip,ee22e8a1ff9904d9b78eca41fcd51bb6b361d4807ccd86c98e47dd7f2d3c4dfa,,
kitakyushucity,okura,current,八幡東区大蔵地区,北九州市,福岡県,1,3,bus_feed_analyzed,data/raw/gtfs/current/kitakyushucity__okura__current.zip,a2c63bf1eedb51ce1117e3ac9401c07bfc72d97ecd69ad46100299a813defe1e,,
kitakyushucity,oma-dobaru,current,小倉南区合馬・道原地区,北九州市,福岡県,1,2,bus_feed_analyzed,data/raw/gtfs/current/kitakyushucity__oma-dobaru__current.zip,b6f897566a356239b16f9ada570fca35479c8f325975a340068a35da7f532771,,
kitakyushucity,koyanose-kusubashi-hoshigaoka,current,八幡西区木屋瀬・楠橋・星ヶ丘地区,北九州市,福岡県,1,1,bus_feed_analyzed,data/raw/gtfs/current/kitakyushucity__koyanose-kusubashi-hoshigaoka__current.zip,5ebba343eb5f05c42e17401c202738063cdb1af30d154a69f3a9a27490f646e6,,
kitakyushucity,higashitani,current,小倉南区東谷地区,北九州市,福岡県,1,1,bus_feed_analyzed,data/raw/gtfs/current/kitakyushucity__higashitani__current.zip,0044c7e6ed042ad15c062f3778f2cdecfc0dc9544ea8e9d317d2eb37905c3766,,
kitakyushucity,edamitsu,current,八幡東区枝光地区,北九州市,福岡県,1,5,bus_feed_analyzed,data/raw/gtfs/current/kitakyushucity__edamitsu__current.zip,bdd8e232ec1fa5673518b4c2b0b74d3e6ac309bf593c8e0aac7103452998675e,,
kitakyushucity,hiraodai,current,小倉南区平尾台地区,北九州市,福岡県,1,1,bus_feed_analyzed,data/raw/gtfs/current/kitakyushucity__hiraodai__current.zip,5719ac4db41886ea2540d677024598ef89894e6853610b3e01eff7cdc146aef7,,
kitakyushucity,tashiro-kawachi,current,八幡東区田代・河内地区,北九州市,福岡県,1,1,bus_feed_analyzed,data/raw/gtfs/current/kitakyushucity__tashiro-kawachi__current.zip,dfbab04b22e3758b05706b60939e6652559882ca4f268b71e58c724ca31ae415,,
kuratetown,KurateTownSmileBusMiyawakaLine,current,すまいるバスみやわか線,鞍手町,福岡県,1,1,bus_feed_analyzed,data/raw/gtfs/current/kuratetown__KurateTownSmileBusMiyawakaLine__current.zip,dc37b9cded3082d44d53dc75e58166509ae1164865ff9e1b495a63baf7327281,,
miyamacity,MiyamaCityCommunityBus,current,みやま市コミュニティバス,みやま市,福岡県,1,2,bus_feed_analyzed,data/raw/gtfs/current/miyamacity__MiyamaCityCommunityBus__current.zip,3cc0a202889658fc33b343e5f0436a3d883c44644a03ed82e01663b3feddca67,,
miyawakacity,MiyawakaMunakataLine,current,宮田・百合野線,宮若市,福岡県,1,1,bus_feed_analyzed,data/raw/gtfs/current/miyawakacity__MiyawakaMunakataLine__current.zip,44f19b95aed92680b5712712f84b6d67251f7956db96bb209ea9296063a46980,,
mizumakitown,MizumakiTownBus,current,町内巡回バス・通勤通学バス,水巻町,福岡県,1,4,bus_feed_analyzed,data/raw/gtfs/current/mizumakitown__MizumakiTownBus__current.zip,d0f44cdcbc38d10bc0ff95736242b75f797d0a6689d7ed13918720adac42c2e5,,
munakatacity,MunakataCityCommunityBus,current,宗像市コミュニティバス,宗像市,福岡県,1,15,bus_feed_analyzed,data/raw/gtfs/current/munakatacity__MunakataCityCommunityBus__current.zip,1f046fc306680b5051b56b94a6d731f0c22084480082a9003799903862c477e1,,
munakatacity,MunakataCityFureaiBus,current,宗像市ふれあいバス,宗像市,福岡県,1,5,bus_feed_analyzed,data/raw/gtfs/current/munakatacity__MunakataCityFureaiBus__current.zip,159e7afbcef3b2657c8a773768d94e8a3d21be1a1d751ef124278c52a0ebe179,,
munakatacity,MunakataCityOshimaFerry,,宗像市営渡船大島航路,,,,,no_bus_route_type,,,data/raw/gtfs/current/munakatacity__MunakataCityOshimaFerry__current.zip,1
munakatacity,MiyawakaMunakataLine,current,宮若・宗像線,宗像市,福岡県,1,1,bus_feed_analyzed,data/raw/gtfs/current/munakatacity__MiyawakaMunakataLine__current.zip,5b1fd328716b311846399e870d965929493560dfe213f9703696008bf8c579c4,,
munakatacity,MunakataCityJinoshimaFerry,,宗像市営渡船地島航路,,,,,no_bus_route_type,,,data/raw/gtfs/current/munakatacity__MunakataCityJinoshimaFerry__current.zip,1
nogatacity,NogataCityCommunityBus,current,直方市コミュニティバス,直方市,福岡県,1,7,bus_feed_analyzed,data/raw/gtfs/current/nogatacity__NogataCityCommunityBus__current.zip,659e2c653b0a2a9e8e8b572ee7956daf0dbd02a50e85e58aaff9c794690d26d0,,
ongatown,OngaTownCommunityBus,current,遠賀町コミュニティバス,遠賀町,福岡県,1,12,bus_feed_analyzed,data/raw/gtfs/current/ongatown__OngaTownCommunityBus__current.zip,3c1b6ad14a3267725e222fc4930bb49125ebcd25fd9b8143d1bd3e6677695bb2,,
shingutown,TownFerryShingu,,町営渡船しんぐう,,,,,no_bus_route_type,,,data/raw/gtfs/current/shingutown__TownFerryShingu__current.zip,1
shingutown,ShinguTownCommunityBus,current,新宮町コミュニティバス マリンクス,新宮町,福岡県,1,2,bus_feed_analyzed,data/raw/gtfs/current/shingutown__ShinguTownCommunityBus__current.zip,28f0ba4c1eac4089ab08478927ad1a4c7674ce4f6138a969e41a21eb67f89079,,
soedatown,soedamachibus,current,添田町バス,添田町,福岡県,1,3,bus_feed_analyzed,data/raw/gtfs/current/soedatown__soedamachibus__current.zip,7f1168aa6098b4d1f508382360606a4c9e9092ae4bda731fe01d2af54134e2a3,,
suetown,SueTownCommunityBus,current,須恵町コミュニティバス,須恵町,福岡県,1,8,bus_feed_analyzed,data/raw/gtfs/current/suetown__SueTownCommunityBus__current.zip,f708fd022a3e8be3bf7a6dde31d6694ff176f0a80fe5fbeb00cf25e9fccc2e6f,,
tagawacity,TagawaCityCommunityBus,current,田川市コミュニティバス,田川市,福岡県,1,7,bus_feed_analyzed,data/raw/gtfs/current/tagawacity__TagawaCityCommunityBus__current.zip,2f433aff3ac2277ec13d3b03e6bb99e8d951a2309b9f320fa2e58605952055b1,,
taiyo-koutu,taiyo-koutu,current,太陽交通株式会社,太陽交通株式会社,福岡県,1,9,bus_feed_analyzed,data/raw/gtfs/current/taiyo-koutu__taiyo-koutu__current.zip,ae78bea6a9616545dbea7a77c862978f9213c5784676e63b45f5900d5b1a213c,,
yanagawacity,YanagawaCityCommunityBus,current,柳川市コミュニティバス,柳川市,福岡県,1,10,bus_feed_analyzed,data/raw/gtfs/current/yanagawacity__YanagawaCityCommunityBus__current.zip,b2711f99f60400d051377d30a17409a4241a87d3a358f4b883852103e587a875,,
imaricity,imarinbus,current,いまりんバス,伊万里市,佐賀県,1,6,bus_feed_analyzed,data/raw/gtfs/current/imaricity__imarinbus__current.zip,2a9d41782ab0a9dee6c92e8d9bac0ad1f33612dfa0245e585f4eea0efd05e9f0,,
hiradocity,fureaibus,current,ふれあいバス,平戸市,長崎県,1,8,bus_feed_analyzed,data/raw/gtfs/current/hiradocity__fureaibus__current.zip,6c3b15b9c7df8686daaf055e6af59e3463a815d45f305d190b9d62aadb21de59,,
kuma-bus,kuma-bus,current,熊本バス,熊本バス,熊本県,1,129,bus_feed_analyzed,data/raw/gtfs/current/kuma-bus__kuma-bus__current.zip,bc11fc4bce562f58ed4da878b5160aae1e545105aacfc2670938856be1d7f96b,,
kumamoto-shiden,kumamotoshiden,,熊本市電,,,,,no_bus_route_type,,,data/raw/gtfs/current/kumamoto-shiden__kumamotoshiden__current.zip,1
kumamoto-toshibus,kumamoto-toshibus,current,熊本都市バス,熊本都市バス,熊本県,1,184,bus_feed_analyzed,data/raw/gtfs/current/kumamoto-toshibus__kumamoto-toshibus__current.zip,c91ef8a99cffd05937705557bfa229ff9ac8b5fe15e1dea4455bca863b63f16d,,
kumamotodentetsu,kumamotodentetsu-bus,current,熊本電鉄バス,熊本電鉄,熊本県,1,150,bus_feed_analyzed,data/raw/gtfs/current/kumamotodentetsu__kumamotodentetsu-bus__current.zip,ac37d31b0a2578cbf04b11d03eb3fb3550af04f55fac46221663775d4b88a6d0,,
kumamotodentetsu,kumamotodentetsu,,熊本電鉄電車,,,,,no_bus_route_type,,,data/raw/gtfs/current/kumamotodentetsu__kumamotodentetsu__current.zip,1
sankobus,sankobus,current,産交バス,産交バス,熊本県,1,987,bus_feed_analyzed,data/raw/gtfs/current/sankobus__sankobus__current.zip,a122c1bd2c137e372ca547b9f19b7a8b818ebbfb853eb66b21a86118bd2eaa76,,
kusutown,kusucommunity-bus,current,玖珠町コミュニティバス,玖珠町,大分県,1,13,bus_feed_analyzed,data/raw/gtfs/current/kusutown__kusucommunity-bus__current.zip,2d9db9c90ca054c8f19f15968e8e480696a389c74a49694c09b92de8d46510ca,,
nakatsucity,OshimaIfuku,current,大島伊福線,中津市,大分県,1,1,bus_feed_analyzed,data/raw/gtfs/current/nakatsucity__OshimaIfuku__current.zip,a442fd761ce6b58e040970eb9db5b61110655e4c3171bf0bcaf63493a1586384,,
nakatsucity,UraYabakei,current,裏耶馬溪線,中津市,大分県,1,1,bus_feed_analyzed,data/raw/gtfs/current/nakatsucity__UraYabakei__current.zip,6d1b67f63be7189973a5af2d6490817df1829186f46465fe611a2ea36ff0544d,,
nakatsucity,Kii,current,城井線,中津市,大分県,1,1,bus_feed_analyzed,data/raw/gtfs/current/nakatsucity__Kii__current.zip,f0d2d2ee91e0b7bbff34a79e64f5a0c030d45fc7c36ca271a52c0a57f5cc9612,,
nakatsucity,Tsutami,current,津民線,中津市,大分県,1,1,bus_feed_analyzed,data/raw/gtfs/current/nakatsucity__Tsutami__current.zip,c6d399df4f150d46225dee689c45d471c178d604ad1db0b1678fce058efdda03,,
nakatsucity,Yakata,current,屋形線,中津市,大分県,1,2,bus_feed_analyzed,data/raw/gtfs/current/nakatsucity__Yakata__current.zip,084fdfb4998ec2bf8f0b5a6e6726a9b19c0570ea6aa847cd02d6093b5035e80a,,
nakatsucity,BuzenNakatsu,current,豊前・中津線,中津市,大分県,1,1,bus_feed_analyzed,data/raw/gtfs/current/nakatsucity__BuzenNakatsu__current.zip,1c2fb75d08ad3e55fb6bf0ec4a61329f294d4b604be40b8c9a0d6269be17036e,,
nakatsucity,Higashitani,current,東谷線,中津市,大分県,1,2,bus_feed_analyzed,data/raw/gtfs/current/nakatsucity__Higashitani__current.zip,977bc805edd28da1d4e7eea2a85c68f574e2781ec51b3e72b25cd2ab72b64d68,,
nakatsucity,Miho,current,三保線,中津市,大分県,1,1,bus_feed_analyzed,data/raw/gtfs/current/nakatsucity__Miho__current.zip,88a7432caacf6f0d78654c0ad378e330cc7cc15aae2bcd4b4d2630f28daacacf,,
nakatsucity,ShinyabaNishi,current,深耶馬西線,中津市,大分県,1,1,bus_feed_analyzed,data/raw/gtfs/current/nakatsucity__ShinyabaNishi__current.zip,eadfcdf5478aac0071f3a47aec1f5b2aff6f95c8ce9cc91db7a29fc0362b0400,,
nakatsucity,Nishimakusa,current,西秣線,中津市,大分県,1,1,bus_feed_analyzed,data/raw/gtfs/current/nakatsucity__Nishimakusa__current.zip,765eca5a23ff05670a7cf9e43c4e191d610ab6f72825ddf217b2071f44e739fd,,
nakatsucity,Nishitani,current,西谷線,中津市,大分県,1,2,bus_feed_analyzed,data/raw/gtfs/current/nakatsucity__Nishitani__current.zip,c5c252b7c7eb370852def0294209a8ced59e6f2db140a9eafb1160c613f7450f,,
nakatsucity,OshimadaiKanayoshi,current,大島台金吉線,中津市,大分県,1,1,bus_feed_analyzed,data/raw/gtfs/current/nakatsucity__OshimadaiKanayoshi__current.zip,abeb2784432003c0b773c1a8078c2590c2f6f196a6964c4a0a58360750f31d15,,
nakatsucity,UenokawauchiMasaki,current,上ノ川内柾木線,中津市,大分県,1,1,bus_feed_analyzed,data/raw/gtfs/current/nakatsucity__UenokawauchiMasaki__current.zip,3ce07bf05f82a4a4c88c51fb9d6baca93375b45d11c7b5234d0322048e1a8367,,
nakatsucity,HiyamajiKamagi,current,樋山路鎌城線,中津市,大分県,1,1,bus_feed_analyzed,data/raw/gtfs/current/nakatsucity__HiyamajiKamagi__current.zip,7ba27e04f1bac106a7cba5fc54c0d21d44527cbdfd9713108daee1154f53d208,,
nakatsucity,YamautsuriKita,current,山移北線,中津市,大分県,1,1,bus_feed_analyzed,data/raw/gtfs/current/nakatsucity__YamautsuriKita__current.zip,330cc4991f874d699286b2adebb275c2fbfc056d5898f3b260d55752a5638ed4,,
nakatsucity,Kawaraguchi,current,川原口線,中津市,大分県,1,1,bus_feed_analyzed,data/raw/gtfs/current/nakatsucity__Kawaraguchi__current.zip,4df548d7e103d3cf5bb2d92c14f0c64436888a2beae8b982b612542d0c0b81c9,,
nakatsucity,ShinyabaHigashi,current,深耶馬東線,中津市,大分県,1,1,bus_feed_analyzed,data/raw/gtfs/current/nakatsucity__ShinyabaHigashi__current.zip,d66955b87cf3b555268701920d8216dff5273b9259b4b1b3350c20d25327679d,,
nakatsucity,YamautsuriMinami,current,山移南線,中津市,大分県,1,1,bus_feed_analyzed,data/raw/gtfs/current/nakatsucity__YamautsuriMinami__current.zip,162a9442cbfa18182707d71093a064bc4e7000496c1a934127d36de74844ff46,,
kagoshimacity,aibus,current,鹿児島市コミュニティバス「あいばす」,鹿児島市,鹿児島県,1,87,bus_feed_analyzed,data/raw/gtfs/current/kagoshimacity__aibus__current.zip,eb6ff592643022132391f59a7fa0e0324f076287d8520106efd968b82a4f4f9b,,
yaesetown,yaese-town-bus,current,八重瀬町バス,八重瀬町,沖縄県,1,4,bus_feed_analyzed,data/raw/gtfs/current/yaesetown__yaese-town-bus__current.zip,ef0b9326c43784724d67a31047a3e283aa81abe66441aaa849f8a574c9fbefe5,,
yanbaru-expressbus,yanbaru-express-bus,current,やんばる急行バス,合同会社やんばる急行バス,沖縄県,1,3,bus_feed_analyzed,data/raw/gtfs/current/yanbaru-expressbus__yanbaru-express-bus__current.zip,823c13ddca5f2ec315c6af96e2972575613c1b2cad45bac8757cc9688303d49d,,
